6.04
6.04
6.34
6.34
6.41
6.60
6.54
6.67
6.60
6.60
6.47
6.54
6.60
6.60
6.47
6.60
6.60
6.47
6.47
6.41
6.16
6.41
6.34
6.28
6.41
6.41
6.41
6.41
6.41
6.10
6.16
5.98
5.69
5.69
5.47
5.01
5.06
4.87
4.48
4.40
3.97
3.94
3.81
3.94
3.81
4.07
4.07
4.11
4.11
4.07
4.21
4.21
4.25
4.40
4.18
4.40
4.53
4.33
4.53
4.57
4.70
4.70
4.70
4.74
4.70
4.48
4.74
4.70
4.70
4.74
4.70
4.48
4.44
4.70
4.65
4.57
4.53
4.57
4.53
4.44
4.37
4.37
4.40
4.25
4.25
4.25
4.07
4.29
4.21
4.14
4.04
4.00
4.07
4.11
4.04
4.37
4.40
4.57
4.70
4.53
4.61
4.87
5.06
5.11
5.21
5.26
5.31
5.26
5.42
5.47
5.52
5.47
5.16
5.52
5.47
5.42
5.42
5.26
5.26
5.26
4.92
4.83
5.01
4.78
4.87
4.83
4.48
4.48
4.29
4.33
4.40
4.37
4.37
4.40
4.57
4.53
4.57
4.57
4.57
4.65
4.70
4.74
4.65
4.83
4.87
4.87
4.87
4.87
4.87
4.97
5.06
5.06
5.06
5.06
5.06
5.06
5.06
4.83
4.83
5.06
4.83
4.83
4.92
5.01
5.06
5.06
5.06
4.87
4.92
4.92
4.92
4.78
4.65
4.70
4.74
4.70
4.70
4.70
4.61
4.33
4.37
4.37
4.44
4.70
4.83
5.11
5.31
5.69
5.86
5.92
5.92
5.92
5.92
5.80
5.69
5.80
5.63
5.80
5.74
5.92
999
5.69
5.80
5.86
5.86
6.41
6.41
6.16
6.47
6.60
6.67
6.60
6.28
6.67
6.60
6.54
6.41
6.47
6.34
6.41
6.34
6.41
6.41
6.41
6.34
6.28
6.22
6.28
6.16
6.16
6.10
6.16
5.63
5.69
5.47
5.47
5.36
5.16
4.92
4.65
4.25
4.07
3.81
3.69
3.69
3.75
3.94
4.04
4.07
3.94
4.00
4.11
4.21
4.04
4.21
4.40
4.29
4.40
4.53
4.53
4.53
4.53
4.61
4.70
4.70
4.70
4.61
4.70
4.70
4.53
4.70
4.70
4.48
4.53
4.57
4.40
4.37
4.53
4.53
4.25
4.33
4.40
4.25
4.11
4.25
4.21
4.14
4.04
4.14
4.11
3.97
3.69
3.75
3.81
3.87
3.87
3.97
4.21
4.33
4.25
4.40
4.53
4.70
4.65
4.87
4.92
4.83
4.87
5.06
5.11
5.06
4.87
4.97
5.11
5.06
5.06
4.92
4.97
5.06
4.97
4.87
4.83
4.83
4.70
4.57
4.48
4.57
4.57
4.29
4.40
4.21
4.14
4.18
4.21
4.21
4.37
4.40
4.44
4.53
4.53
4.53
4.61
4.70
4.70
4.70
4.70
4.83
4.87
4.87
4.92
4.87
4.87
4.87
4.92
5.06
5.06
4.97
4.87
5.06
5.06
5.06
5.06
5.01
5.01
4.87
4.92
4.83
4.74
4.74
4.92
4.78
4.61
4.65
4.65
4.57
4.74
4.57
4.37
4.57
4.44
4.53
4.53
4.57
4.53
4.65
4.78
5.01
5.47
5.86
6.10
6.16
6.22
6.10
5.98
5.98
5.92
5.80
5.69
5.63
5.69
5.74
999
5.52
5.92
5.92
6.10
6.16
6.16
6.22
6.22
6.34
6.41
6.41
6.41
6.34
6.41
6.34
6.41
6.22
6.16
6.16
6.16
6.04
6.16
5.98
5.92
6.10
6.10
6.04
6.16
6.04
5.98
6.16
6.34
6.16
6.22
6.22
5.80
5.58
5.42
4.87
4.53
3.97
3.48
3.45
3.53
3.72
3.84
3.97
3.94
3.97
4.00
4.04
4.00
4.11
4.04
4.21
4.25
4.33
4.40
4.33
4.48
4.44
4.57
4.53
4.48
4.53
4.53
4.53
4.53
4.40
4.53
4.40
4.57
4.44
4.44
4.44
4.37
4.37
4.40
4.37
4.25
4.25
4.07
4.07
4.04
4.00
4.07
4.00
3.94
3.69
3.58
3.50
3.48
3.45
3.55
3.58
3.66
3.75
3.75
3.90
3.90
4.00
4.14
4.11
4.21
4.29
4.37
4.37
4.37
4.37
4.40
4.29
4.37
4.40
4.37
4.37
4.33
4.29
4.37
4.21
4.33
4.14
4.21
4.21
4.18
4.11
4.11
4.07
3.90
3.84
3.81
3.69
3.72
3.69
3.81
3.97
4.11
4.21
4.29
4.37
4.37
4.40
4.44
4.44
4.65
4.65
4.70
4.74
4.70
4.74
4.78
4.83
4.74
4.87
4.78
4.87
4.83
4.74
4.87
4.74
4.78
4.83
4.70
4.87
4.87
4.87
4.87
4.78
4.70
4.74
4.61
4.61
4.57
4.48
4.48
4.44
4.53
4.53
4.37
4.37
4.37
4.37
4.25
4.40
4.48
4.78
5.16
6.04
6.94
8.00
8.50
8.50
8.33
7.92
7.30
6.81
6.16
5.92
5.74
5.69
5.52
999
5.74
5.92
5.92
5.92
6.10
6.10
6.16
6.16
5.98
6.16
6.10
5.98
6.10
6.10
5.98
6.10
6.16
6.10
6.16
6.16
6.16
6.10
5.98
5.98
5.98
5.92
6.10
6.04
6.16
6.22
6.41
6.74
6.81
7.30
7.09
6.67
6.34
5.80
5.47
4.87
4.11
3.40
3.29
3.48
3.64
3.78
3.84
3.94
3.90
3.94
3.84
4.04
4.11
4.11
4.25
4.21
4.21
4.37
4.29
4.33
4.29
4.44
4.53
4.57
4.53
4.44
4.53
4.44
4.57
4.40
4.57
4.53
4.53
4.44
4.37
4.37
4.33
4.25
4.18
4.11
4.21
4.11
4.07
4.11
3.97
3.97
3.90
3.61
3.50
3.34
3.34
3.34
3.34
3.40
3.48
3.53
3.58
3.69
3.69
3.69
3.81
3.87
3.94
3.87
4.00
4.07
4.07
4.11
4.07
4.11
4.11
4.04
4.00
4.04
4.00
4.04
3.90
4.11
4.07
4.00
4.00
3.87
3.94
3.90
3.97
3.90
3.81
3.81
3.69
3.66
3.53
3.55
3.53
3.66
3.75
3.90
4.07
4.21
4.21
4.37
4.40
4.40
4.48
4.61
4.70
4.74
4.74
4.65
4.70
4.61
4.65
4.70
4.83
4.87
4.92
4.87
4.87
4.92
4.87
4.78
4.87
4.74
4.92
4.74
4.74
4.70
4.57
4.74
4.57
4.70
4.44
4.53
4.53
4.53
4.44
4.25
4.25
4.33
4.37
4.40
4.37
4.37
4.40
4.44
4.87
5.31
6.47
8.33
10.68
11.67
12.01
11.55
10.90
9.97
8.50
7.45
6.60
6.10
5.92
5.69
999
5.92
5.92
5.92
6.10
6.16
6.16
6.04
6.22
6.22
6.28
6.22
6.34
6.41
6.41
6.41
6.41
6.41
6.16
5.80
5.98
5.98
6.16
5.98
6.10
6.16
6.10
6.16
6.34
6.47
6.67
6.88
7.53
7.68
7.84
7.30
6.88
6.47
5.92
5.47
5.01
4.40
3.48
3.19
3.29
3.53
3.66
3.72
3.87
3.94
3.87
3.97
3.97
4.11
4.07
4.07
4.25
4.11
4.21
4.33
4.37
4.37
4.40
4.33
4.44
4.44
4.53
4.57
4.53
4.53
4.53
4.53
4.40
4.44
4.33
4.40
4.37
4.37
4.18
4.18
4.11
4.07
4.11
4.07
3.90
3.94
3.75
3.72
3.50
3.38
3.31
3.29
3.27
3.31
3.31
3.36
3.38
3.40
3.55
3.53
3.58
3.64
3.72
3.81
3.78
3.78
3.78
3.75
3.78
3.81
3.78
3.81
3.81
3.81
3.72
3.78
3.72
3.75
3.81
3.72
3.81
3.78
3.72
3.78
3.72
3.78
3.78
3.69
3.69
3.58
3.58
3.48
3.43
3.48
3.50
3.66
3.78
3.87
4.11
4.21
4.37
4.48
4.53
4.57
4.65
4.65
4.61
4.65
4.70
4.70
4.70
4.61
4.65
4.65
4.70
4.92
4.87
4.87
4.87
4.87
4.87
4.78
4.87
4.78
4.74
4.61
4.74
4.70
4.57
4.53
4.48
4.40
4.48
4.40
4.37
4.37
4.37
4.29
4.33
4.11
4.25
4.21
4.29
4.40
4.57
4.92
5.63
6.81
9.58
11.22
12.85
13.22
13.22
13.10
12.36
11.55
9.97
8.33
6.88
6.28
6.04
999
6.41
6.34
6.10
6.10
6.34
6.28
6.41
6.28
6.41
6.28
6.41
6.41
6.34
6.47
6.54
6.60
6.81
6.22
5.63
6.04
6.28
6.34
6.41
6.41
6.41
6.28
6.67
6.81
7.23
7.60
8.08
8.16
8.33
8.08
7.60
7.23
6.60
5.92
5.26
4.70
4.37
3.55
3.13
3.25
3.48
3.66
3.81
3.84
3.94
3.84
3.87
3.90
4.04
4.04
4.14
4.14
4.21
4.14
4.33
4.29
4.29
4.37
4.40
4.48
4.53
4.44
4.48
4.57
4.57
4.53
4.53
4.53
4.40
4.40
4.29
4.40
4.37
4.25
4.21
4.21
4.04
4.04
4.04
3.90
3.97
3.75
3.48
3.38
3.25
3.23
3.17
3.23
3.23
3.23
3.29
3.31
3.38
3.45
3.40
3.58
3.53
3.61
3.64
3.66
3.69
3.69
3.69
3.69
3.66
3.66
3.61
3.66
3.69
3.69
3.69
3.61
3.64
3.61
3.61
3.66
3.64
3.69
3.69
3.69
3.61
3.66
3.50
3.58
3.53
3.48
3.45
3.38
3.38
3.50
3.50
3.66
3.78
4.04
4.25
4.44
4.44
4.70
4.61
4.61
4.70
4.70
4.61
4.61
4.70
4.61
4.70
4.87
4.87
4.78
4.87
4.78
4.87
4.78
4.92
4.87
4.87
4.87
4.83
4.65
4.61
4.61
4.70
4.53
4.53
4.53
4.53
4.44
4.29
4.37
4.29
4.37
4.25
4.21
4.14
4.21
4.14
4.25
4.37
4.61
4.97
5.69
7.02
9.58
11.33
12.73
13.35
13.47
13.60
12.97
12.48
12.13
10.79
8.93
7.76
6.67
999
8.16
7.53
7.30
7.30
7.30
7.23
7.30
7.30
7.23
7.30
7.30
7.30
7.23
7.23
7.23
7.23
7.30
6.04
5.52
5.80
6.67
7.02
7.30
7.53
7.60
7.38
7.84
8.08
8.58
8.93
9.11
9.02
8.76
8.50
7.76
7.30
6.67
5.86
5.06
4.53
4.29
3.81
3.13
3.23
3.36
3.69
3.81
3.87
3.94
3.94
3.87
3.97
4.04
4.11
4.18
4.21
4.21
4.21
4.37
4.37
4.37
4.44
4.53
4.57
4.53
4.48
4.53
4.40
4.53
4.57
4.53
4.53
4.53
4.48
4.48
4.29
4.37
4.25
4.29
4.14
4.14
4.11
4.04
3.97
3.84
3.53
3.27
3.23
3.23
3.15
3.10
3.10
3.12
3.15
3.21
3.23
3.29
3.31
3.38
3.40
3.48
3.45
3.50
3.48
3.48
3.43
3.45
3.40
3.45
3.43
3.50
3.53
3.48
3.48
3.50
3.48
3.55
3.55
3.53
3.53
3.55
3.53
3.58
3.58
3.58
3.58
3.53
3.48
3.45
3.34
3.38
3.36
3.38
3.40
3.48
3.53
3.64
3.97
4.21
4.70
4.92
4.97
4.83
5.01
4.92
4.87
4.92
4.87
4.87
4.78
4.83
4.78
4.87
4.87
4.87
4.87
4.87
4.87
4.87
4.87
4.87
4.87
4.87
4.70
4.74
4.57
4.74
4.44
4.53
4.57
4.48
4.37
4.29
4.40
4.25
4.21
4.14
4.21
4.14
4.18
4.21
4.07
4.37
4.53
5.01
5.69
7.09
9.11
10.79
12.85
13.47
14.26
14.26
13.99
13.35
12.97
12.13
10.90
9.97
8.84
999
9.30
8.93
8.76
8.50
8.50
8.50
8.41
8.50
8.33
8.41
8.58
8.33
8.24
8.08
8.00
7.68
7.60
6.22
5.36
5.80
7.02
7.76
8.33
8.76
9.11
9.21
9.21
9.30
9.58
9.68
9.58
9.49
9.02
8.67
8.00
7.53
6.74
5.92
4.87
4.37
4.18
3.90
3.25
3.21
3.36
3.61
3.81
3.94
3.94
3.97
3.94
3.87
4.07
4.11
4.21
4.25
4.25
4.29
4.37
4.40
4.53
4.53
4.53
4.53
4.57
4.70
4.74
4.70
4.70
4.70
4.70
4.65
4.74
4.65
4.70
4.57
4.53
4.53
4.40
4.37
4.29
4.21
4.07
3.94
3.75
3.31
3.10
3.06
3.15
3.08
3.06
3.06
3.03
3.08
3.12
3.15
3.17
3.29
3.27
3.34
3.40
3.38
3.38
3.36
3.38
3.34
3.38
3.34
3.38
3.38
3.40
3.38
3.40
3.34
3.38
3.40
3.40
3.45
3.43
3.40
3.40
3.45
3.40
3.48
3.45
3.48
3.48
3.40
3.31
3.31
3.27
3.31
3.31
3.34
3.38
3.48
3.61
3.75
4.29
4.78
5.47
5.69
5.80
5.69
5.58
5.52
5.42
5.26
5.31
5.11
5.21
5.01
5.11
5.01
5.06
5.01
4.97
4.92
4.97
4.78
4.78
4.87
4.87
4.74
4.70
4.61
4.65
4.65
4.53
4.53
4.53
4.44
4.29
4.40
4.25
4.21
4.11
4.18
4.14
4.25
4.25
4.25
4.37
4.57
5.11
5.74
7.23
8.76
10.48
12.73
13.99
15.08
14.94
14.80
14.26
13.47
12.60
11.67
10.79
9.58
999
9.58
9.30
9.02
8.67
8.76
8.76
8.93
8.93
8.93
8.84
8.67
8.58
8.50
8.16
8.16
7.92
7.84
6.16
5.16
5.92
6.88
7.84
8.76
9.49
9.68
9.58
9.68
9.77
10.07
10.17
10.17
9.77
9.39
9.11
8.16
7.53
6.74
5.98
4.83
4.18
4.04
3.97
3.50
3.25
3.38
3.64
3.81
3.97
3.94
3.84
3.94
4.07
4.00
4.25
4.29
4.37
4.33
4.48
4.48
4.61
4.70
4.65
4.87
4.78
4.87
4.83
5.06
5.11
5.06
5.06
5.06
5.06
5.06
5.01
4.97
5.06
4.92
5.01
4.87
4.70
4.44
4.25
4.04
3.81
3.58
3.05
2.93
2.98
3.05
3.06
2.97
3.03
3.01
3.01
3.01
3.05
3.15
3.21
3.19
3.25
3.27
3.23
3.27
3.29
3.29
3.27
3.29
3.25
3.31
3.25
3.31
3.31
3.31
3.31
3.29
3.31
3.29
3.31
3.29
3.27
3.34
3.34
3.40
3.38
3.38
3.38
3.40
3.29
3.27
3.25
3.23
3.23
3.23
3.23
3.34
3.36
3.53
3.75
4.14
5.01
6.47
8.24
8.50
8.16
7.92
7.84
7.38
6.88
6.47
6.10
6.04
5.92
5.74
5.69
5.47
5.36
5.31
5.36
5.26
5.26
5.26
5.16
4.97
5.06
4.92
4.87
4.78
4.74
4.61
4.70
4.57
4.44
4.40
4.37
4.37
4.37
4.29
4.14
4.25
4.14
4.21
4.29
4.48
4.65
5.16
5.86
7.23
8.58
10.07
12.48
14.26
15.50
15.08
14.80
14.39
14.13
13.22
11.90
11.00
10.07
999
9.30
9.02
8.93
8.58
8.76
8.93
9.11
8.93
8.93
8.67
8.67
8.93
8.58
8.50
8.41
7.92
8.00
6.16
5.36
6.34
7.38
8.24
9.11
9.97
10.17
10.07
9.77
10.37
10.37
10.07
10.07
9.77
9.68
8.84
8.33
7.30
6.67
6.04
5.21
4.40
4.14
4.04
3.64
3.40
3.48
3.66
3.78
3.87
4.07
4.11
4.14
4.21
4.18
4.40
4.57
4.70
4.83
4.83
4.87
5.11
5.16
5.26
5.47
5.42
5.42
5.47
5.63
5.69
5.80
5.80
5.74
5.92
5.98
5.98
6.16
6.04
6.10
5.80
5.52
5.31
4.87
4.40
4.04
3.72
3.55
2.98
2.86
2.93
3.01
3.03
2.98
2.96
2.94
2.97
3.01
3.03
3.03
3.12
3.21
3.23
3.23
3.17
3.19
3.21
3.19
3.23
3.23
3.17
3.21
3.21
3.17
3.23
3.19
3.23
3.17
3.17
3.23
3.23
3.23
3.19
3.21
3.27
3.27
3.31
3.27
3.25
3.27
3.27
3.19
3.23
3.13
3.13
3.19
3.19
3.29
3.31
3.40
3.66
4.07
4.92
6.88
10.37
11.11
11.22
11.22
10.90
10.79
10.07
9.39
8.84
8.33
7.84
7.45
6.88
6.60
6.60
6.41
6.22
5.98
5.86
5.69
5.52
5.58
5.47
5.21
5.11
4.97
5.11
5.01
4.97
4.70
4.70
4.74
4.48
4.53
4.48
4.40
4.37
4.40
4.37
4.40
4.37
4.48
4.92
5.47
6.34
7.53
8.50
10.37
12.73
14.53
15.08
14.66
14.53
14.39
13.47
12.73
12.13
10.90
9.97
999
9.02
8.84
8.50
8.41
8.58
8.93
9.11
8.58
8.58
8.76
8.84
8.93
8.67
8.50
8.33
8.33
8.16
6.34
5.42
6.74
7.92
8.76
9.58
10.17
10.37
10.48
10.27
10.79
10.79
10.68
10.68
10.48
9.97
9.21
8.33
7.30
6.74
6.10
5.42
4.57
4.25
4.21
4.11
3.66
3.58
3.72
3.94
4.18
4.21
4.33
4.48
4.70
4.78
5.06
5.26
5.63
5.86
6.04
6.28
6.54
6.67
6.54
6.67
6.81
6.74
6.94
6.94
6.88
6.81
6.81
6.74
6.94
6.94
6.88
6.67
6.60
6.54
6.34
6.04
5.52
5.21
4.61
4.29
4.11
3.72
3.08
2.88
2.93
2.98
2.97
2.91
2.86
2.90
2.91
2.96
2.96
3.01
3.06
3.13
3.15
3.10
3.15
3.17
3.13
3.15
3.13
3.10
3.15
3.13
3.15
3.13
3.13
3.12
3.15
3.15
3.15
3.13
3.12
3.08
3.15
3.17
3.17
3.21
3.25
3.23
3.23
3.19
3.21
3.21
3.12
3.12
3.13
3.10
3.12
3.23
3.31
3.40
3.55
3.97
4.78
6.94
11.11
11.11
10.90
10.79
10.79
10.68
10.17
9.58
9.30
8.84
8.76
8.41
8.16
8.16
7.68
7.68
7.45
7.60
7.30
7.09
6.94
6.67
6.60
6.34
6.16
5.98
5.98
5.92
5.86
5.63
5.52
5.31
5.06
4.97
4.87
4.83
4.83
4.87
4.74
4.70
4.70
4.83
5.36
5.98
7.16
8.00
8.84
10.68
12.60
14.39
14.66
14.53
14.26
13.35
12.97
12.60
11.11
9.87
9.39
999
8.33
8.41
8.33
8.41
8.33
8.67
8.67
8.84
8.58
8.50
8.76
8.76
8.58
8.84
8.84
8.41
8.16
6.60
5.98
7.68
8.33
9.21
9.97
10.27
10.79
10.79
10.90
10.90
11.22
11.22
11.22
10.68
10.48
9.68
8.50
7.53
6.88
6.22
5.69
5.01
4.53
4.33
4.14
3.97
3.84
3.90
4.18
4.40
4.65
4.83
4.97
5.11
5.47
5.58
5.98
6.41
6.60
6.74
6.67
7.02
7.16
7.23
7.23
7.09
7.16
7.09
7.09
7.02
6.94
7.09
6.94
6.81
6.94
6.67
6.60
6.60
6.67
6.47
6.04
5.98
5.69
5.26
4.87
4.53
4.33
3.48
2.97
2.91
2.91
2.91
2.88
2.89
2.85
2.89
2.89
2.91
2.97
2.98
3.01
3.05
3.08
3.15
3.13
3.06
3.05
3.08
3.08
3.08
3.06
3.08
3.06
3.08
3.06
3.06
3.05
3.08
3.03
3.03
3.08
3.08
3.12
3.15
3.15
3.21
3.19
3.23
3.23
3.08
3.15
3.03
3.06
3.06
3.05
3.13
3.17
3.27
3.38
3.55
3.84
4.70
6.67
11.00
10.07
9.58
9.58
9.39
9.58
9.02
8.93
8.76
8.24
8.33
8.24
8.16
8.16
7.92
7.92
7.76
7.84
7.76
7.60
7.60
6.94
7.16
7.09
7.16
6.81
6.88
6.81
6.34
6.60
6.60
6.41
6.16
6.04
5.86
5.86
5.92
5.80
5.63
5.47
5.36
5.63
6.34
7.23
8.08
8.41
9.39
10.58
12.73
13.47
14.13
13.86
13.22
12.73
12.60
11.55
10.48
9.58
8.76
999
8.08
7.76
7.76
7.84
8.08
8.33
8.84
8.84
8.33
8.58
8.76
8.67
8.67
9.11
9.02
9.02
8.76
8.58
8.58
8.93
9.68
10.17
10.79
11.11
11.11
11.67
11.78
11.55
11.78
11.44
11.67
11.11
11.00
10.68
9.68
8.33
7.53
6.54
6.16
5.47
5.06
4.53
4.29
4.14
4.07
4.14
4.37
4.70
4.87
5.01
5.31
5.58
5.80
6.10
6.41
6.54
6.47
6.74
6.94
6.81
6.94
6.88
6.88
6.81
6.94
6.88
6.67
6.88
6.88
6.81
6.88
6.67
6.67
6.67
6.60
6.60
6.54
6.67
6.34
6.22
6.10
5.74
5.31
5.26
4.92
3.97
3.12
2.96
2.90
2.86
2.86
2.85
2.82
2.86
2.86
2.91
2.91
2.96
3.00
3.00
3.01
3.05
3.05
2.98
3.01
3.01
3.01
2.98
3.01
2.97
3.01
3.00
3.01
3.01
3.01
3.01
3.03
3.01
2.98
3.03
3.01
3.05
3.08
3.13
3.12
3.13
3.12
3.13
3.03
3.05
2.98
2.98
3.00
3.05
3.15
3.23
3.31
3.50
3.87
4.65
6.67
10.79
8.93
8.24
8.58
8.41
8.58
8.16
8.16
8.08
7.68
7.68
7.84
7.92
7.76
7.84
7.84
7.84
7.68
7.76
7.60
7.30
6.60
6.74
7.53
7.60
7.60
7.60
7.60
7.38
7.30
7.30
7.30
7.09
7.09
7.02
7.02
6.88
6.88
6.67
6.22
6.28
6.60
7.53
8.33
9.49
9.68
10.48
11.67
12.85
13.10
13.35
13.10
12.73
12.01
11.44
10.58
9.68
8.76
8.33
999
8.00
7.68
7.68
7.76
7.68
8.24
8.84
8.84
8.50
8.67
8.76
8.93
9.11
9.11
9.30
9.30
9.21
9.02
9.49
9.77
10.58
10.90
11.33
11.55
11.78
11.90
11.90
12.25
11.90
11.78
11.90
11.67
11.67
11.11
10.79
9.87
8.76
8.16
7.30
6.54
5.80
5.21
4.87
4.44
4.53
4.57
4.78
5.06
5.21
5.58
5.74
5.92
5.92
6.16
6.22
6.22
6.34
6.34
6.60
6.67
6.54
6.54
6.54
6.67
6.67
6.47
6.54
6.67
6.47
6.74
7.09
6.67
6.67
6.60
6.67
6.60
6.67
6.67
6.41
6.41
6.34
6.10
5.92
5.52
5.42
4.57
3.27
2.93
2.88
2.85
2.84
2.81
2.82
2.82
2.83
2.85
2.89
2.93
2.98
3.01
3.01
2.98
3.01
2.94
2.93
2.97
2.96
2.96
2.96
2.91
2.96
2.93
2.97
2.97
2.96
2.97
2.94
3.00
2.98
2.98
2.98
2.98
3.01
3.05
3.08
3.10
3.08
3.06
3.05
2.98
2.98
3.00
3.00
3.01
3.06
3.12
3.29
3.48
3.75
4.70
6.74
10.58
8.24
7.68
7.76
8.00
7.92
7.68
7.84
7.76
7.53
7.60
7.60
7.45
7.45
7.60
7.60
7.45
7.38
7.53
7.45
7.45
6.60
7.02
7.45
7.53
7.38
7.60
7.53
7.45
7.60
7.60
7.45
7.45
7.45
7.60
7.60
7.53
7.45
7.60
7.53
7.23
7.60
8.16
9.30
10.17
10.68
11.00
11.78
12.73
12.97
12.97
12.25
11.67
11.44
10.58
9.97
9.21
8.41
7.92
999
7.68
7.60
7.38
7.38
7.92
8.33
8.84
8.84
8.84
8.84
9.30
9.58
9.77
10.27
10.37
10.68
10.27
10.48
10.58
11.22
11.67
11.78
12.13
11.90
12.25
12.13
12.13
12.25
12.25
11.90
12.13
11.55
11.67
11.67
11.00
10.79
10.27
9.77
9.11
8.76
8.58
7.92
7.30
6.88
6.54
6.67
6.47
6.54
6.67
6.88
6.60
6.67
6.67
6.41
6.41
6.41
6.41
6.28
6.41
6.41
6.34
6.41
6.34
6.28
6.41
6.60
6.67
6.41
6.54
6.94
6.81
6.54
6.60
6.47
6.67
6.67
6.67
6.67
6.67
6.67
6.41
6.22
6.04
5.86
5.69
4.92
3.50
3.00
2.89
2.84
2.80
2.79
2.76
2.76
2.79
2.81
2.83
2.90
2.91
2.94
2.96
2.93
2.93
2.91
2.90
2.91
2.88
2.91
2.90
2.90
2.90
2.90
2.88
2.91
2.91
2.90
2.96
2.96
2.93
2.91
2.97
2.96
2.97
3.01
3.06
3.08
3.05
3.01
2.97
2.94
2.91
2.94
2.96
2.97
3.03
3.13
3.23
3.34
3.72
4.53
6.74
10.37
7.92
7.60
7.60
7.60
7.60
7.60
7.60
7.60
7.60
7.38
7.60
7.60
7.60
7.53
7.38
7.45
7.60
7.60
7.45
7.09
6.81
7.16
7.30
7.45
7.60
7.53
7.45
7.38
7.60
7.60
7.38
7.53
7.68
7.76
7.84
7.84
8.00
8.16
8.33
8.33
8.84
9.02
9.77
10.37
10.90
11.33
11.33
11.44
11.22
11.11
10.58
10.48
10.07
9.58
9.21
8.50
8.08
7.92
999
7.38
7.60
7.38
7.60
7.92
8.16
8.84
9.02
9.11
9.30
9.39
10.17
10.48
10.79
11.11
11.22
10.90
11.33
11.33
11.78
12.13
12.13
12.01
12.25
12.25
12.25
12.13
12.13
12.25
12.13
12.13
11.78
11.55
11.44
11.33
11.22
10.58
10.17
10.17
9.97
9.49
9.30
8.93
8.67
8.76
8.41
8.41
7.92
7.84
7.84
7.38
7.30
7.02
6.88
6.54
6.47
6.41
6.28
6.41
6.22
6.34
6.28
6.28
6.41
6.41
6.41
6.60
6.54
6.67
6.81
6.74
6.41
6.54
6.60
6.54
6.67
6.60
6.67
6.47
6.60
6.47
6.28
6.28
6.10
5.92
5.36
3.69
2.98
2.86
2.81
2.77
2.77
2.72
2.73
2.78
2.79
2.81
2.84
2.88
2.88
2.90
2.90
2.91
2.88
2.84
2.83
2.86
2.86
2.86
2.85
2.86
2.86
2.90
2.88
2.90
2.91
2.90
2.90
2.89
2.90
2.91
2.93
2.96
3.00
3.00
3.01
3.01
2.97
2.93
2.94
2.90
2.91
2.93
2.91
3.00
3.10
3.19
3.36
3.64
4.40
6.67
10.07
7.68
7.30
7.38
7.45
7.53
7.38
7.53
7.38
7.53
7.53
7.45
7.53
7.38
7.45
7.23
7.16
7.23
7.23
7.23
7.30
6.94
7.23
7.02
7.30
7.23
7.53
7.53
7.53
7.60
7.45
7.60
7.60
7.60
7.84
7.68
7.84
8.24
8.50
8.58
8.93
8.93
9.39
9.97
9.97
10.48
10.48
10.58
10.48
10.37
9.97
9.68
9.39
9.39
9.21
8.67
8.24
8.00
7.92
999
7.45
7.53
7.53
7.68
8.00
8.33
9.02
9.21
9.58
10.07
10.48
11.11
11.11
11.78
12.01
12.13
11.78
12.01
12.25
12.25
12.25
12.36
12.73
12.60
12.60
12.13
12.25
12.13
12.01
11.90
12.01
11.78
11.44
11.55
11.22
11.00
10.79
10.68
10.37
10.48
10.37
9.77
9.77
9.58
9.58
9.39
9.02
8.67
8.58
8.50
8.16
7.60
7.45
7.30
6.88
6.94
6.54
6.60
6.47
6.41
6.41
6.28
6.22
6.34
6.28
6.47
6.54
6.60
6.67
6.67
6.67
6.67
6.54
6.60
6.54
6.67
6.67
6.81
6.47
6.67
6.60
6.47
6.22
6.16
5.86
5.47
3.87
3.03
2.84
2.76
2.75
2.74
2.73
2.72
2.74
2.73
2.78
2.82
2.83
2.84
2.85
2.90
2.90
2.84
2.84
2.82
2.82
2.79
2.82
2.84
2.85
2.86
2.84
2.83
2.86
2.86
2.84
2.85
2.85
2.85
2.86
2.88
2.86
2.93
2.97
2.97
2.96
2.93
2.89
2.91
2.90
2.88
2.89
2.89
2.98
3.06
3.15
3.31
3.58
4.40
7.02
10.48
7.68
7.53
7.38
7.60
7.53
7.60
7.53
7.38
7.60
7.60
7.53
7.30
7.30
7.38
7.53
7.38
7.30
7.02
7.16
7.16
7.30
7.23
7.02
7.30
7.38
7.38
7.60
7.53
7.53
7.60
7.60
7.53
7.68
7.60
8.00
8.16
8.50
8.58
8.67
9.30
9.58
9.68
9.97
9.87
10.37
10.48
10.27
9.77
9.87
9.58
9.58
9.21
8.76
8.76
8.50
8.08
7.92
7.68
999
7.53
7.45
7.38
7.68
7.92
8.50
8.67
9.02
9.68
10.58
10.90
11.33
11.67
12.13
12.60
12.13
12.13
12.36
12.60
12.60
12.73
12.60
12.60
12.36
12.48
12.25
12.25
11.78
11.90
12.01
11.78
11.67
11.67
11.22
11.33
11.00
10.79
10.79
10.48
10.37
10.48
10.37
9.77
9.77
9.97
9.97
9.58
9.58
9.30
9.11
8.84
8.41
8.41
8.16
7.84
7.60
7.09
6.94
6.60
6.67
6.41
6.41
6.41
6.28
6.34
6.22
6.67
6.67
6.67
6.54
6.54
6.54
6.54
6.60
6.67
6.67
6.67
6.81
6.54
6.60
6.60
6.41
6.28
6.16
5.98
5.58
4.04
3.00
2.80
2.78
2.74
2.71
2.71
2.70
2.70
2.74
2.74
2.78
2.82
2.83
2.84
2.86
2.85
2.82
2.82
2.79
2.79
2.79
2.80
2.79
2.79
2.82
2.82
2.81
2.81
2.80
2.80
2.82
2.82
2.82
2.85
2.84
2.90
2.91
2.93
2.91
2.93
2.91
2.88
2.83
2.84
2.86
2.86
2.90
2.93
3.00
3.13
3.31
3.61
4.48
6.88
11.00
7.84
7.53
7.53
7.84
7.53
7.60
7.53
7.38
7.38
7.38
7.60
7.53
7.53
7.38
7.38
7.38
7.23
7.16
7.23
7.23
7.16
7.38
7.45
7.45
7.60
7.60
7.60
7.68
7.68
7.76
7.92
7.84
8.08
8.24
8.41
8.67
8.93
9.21
9.02
9.58
9.68
9.87
9.97
10.17
10.17
9.87
9.97
9.68
9.58
9.58
9.21
9.21
8.76
8.58
8.41
8.24
7.92
7.84
999
7.60
7.60
7.53
7.76
8.00
8.41
9.02
9.39
9.97
11.00
11.44
11.90
12.48
12.85
12.85
12.48
12.36
12.60
12.48
12.85
12.85
13.10
13.10
12.85
12.73
12.60
12.36
12.01
12.13
12.01
11.55
11.55
11.55
11.33
11.11
11.00
10.90
10.79
10.58
10.17
10.17
10.37
10.17
10.17
9.97
9.97
9.97
9.49
9.39
9.21
9.30
9.11
8.93
8.67
8.41
8.24
8.00
7.68
7.30
7.02
6.81
6.67
6.41
6.41
6.41
6.22
6.60
6.67
6.67
6.67
6.41
6.67
6.60
6.67
6.67
6.54
6.60
6.74
6.67
6.67
6.67
6.47
6.04
6.04
5.74
5.36
3.94
2.98
2.77
2.75
2.71
2.69
2.69
2.68
2.67
2.71
2.74
2.75
2.76
2.80
2.82
2.80
2.79
2.79
2.77
2.77
2.78
2.76
2.76
2.78
2.78
2.78
2.76
2.80
2.80
2.81
2.80
2.79
2.79
2.81
2.82
2.79
2.82
2.88
2.90
2.89
2.90
2.90
2.85
2.84
2.80
2.79
2.80
2.86
2.90
2.97
3.08
3.25
3.58
4.48
7.23
11.22
8.08
7.84
7.68
7.76
7.84
7.76
7.68
7.60
7.38
7.45
7.60
7.53
7.53
7.53
7.45
7.38
7.60
7.53
7.45
7.60
7.60
7.60
7.60
7.84
7.84
7.60
7.68
7.92
8.00
8.16
8.08
8.24
8.33
8.93
9.02
9.21
9.58
9.58
9.97
10.07
9.97
9.87
10.48
10.37
10.17
10.17
9.87
10.07
9.49
9.49
9.11
9.02
8.93
8.76
8.33
8.24
8.00
7.76
999
7.84
7.68
7.68
7.92
7.92
8.33
9.11
9.49
9.87
10.79
11.78
12.25
13.10
13.10
13.22
13.10
12.73
12.60
12.85
13.10
13.10
12.97
12.97
12.97
12.73
12.48
12.25
12.25
12.13
11.78
11.55
11.78
11.33
11.00
11.00
10.79
10.90
10.48
10.48
10.48
10.48
10.48
10.27
10.48
10.17
10.07
9.97
9.97
9.77
9.58
9.68
9.58
9.21
9.30
8.58
8.93
8.50
8.16
7.84
7.45
7.23
6.94
6.67
6.54
6.41
6.34
6.60
6.60
6.67
6.67
6.60
6.54
6.67
6.67
6.67
6.67
6.67
6.54
6.60
6.67
6.67
6.41
6.16
5.92
5.52
5.42
3.87
2.91
2.75
2.71
2.70
2.68
2.67
2.66
2.66
2.67
2.71
2.74
2.74
2.76
2.76
2.80
2.81
2.78
2.74
2.72
2.74
2.74
2.72
2.74
2.77
2.77
2.78
2.77
2.75
2.78
2.78
2.78
2.78
2.77
2.78
2.81
2.82
2.82
2.83
2.84
2.86
2.84
2.83
2.80
2.80
2.80
2.81
2.84
2.89
2.93
3.01
3.23
3.45
4.37
7.30
12.13
8.58
8.24
8.00
8.08
8.24
7.92
7.92
7.92
7.60
7.38
7.60
7.60
7.60
7.53
7.45
7.60
7.60
7.76
7.76
7.76
7.68
7.92
7.84
7.76
8.16
8.16
8.24
8.41
8.33
8.58
8.84
9.21
9.30
9.58
9.49
9.77
9.97
10.37
10.27
10.27
10.37
10.48
10.48
10.37
10.48
10.37
10.27
9.87
9.87
9.49
9.39
9.21
8.76
8.76
8.58
8.24
8.16
7.76
999
7.92
8.00
7.92
8.16
8.41
8.93
9.30
9.77
9.87
11.44
12.36
12.97
13.47
13.86
13.99
13.22
13.10
12.97
13.10
13.22
12.97
13.10
13.22
13.22
13.10
12.36
12.60
12.60
12.25
11.78
11.78
11.78
11.33
11.00
11.00
11.22
11.33
11.00
10.58
10.90
10.48
10.27
10.27
10.27
10.37
10.17
10.27
10.07
10.07
9.97
9.77
9.97
9.77
9.58
9.68
9.58
8.93
9.21
8.84
8.41
7.92
7.38
7.16
6.94
6.67
6.60
6.60
6.41
6.67
6.67
6.60
6.60
6.47
6.47
6.67
6.67
6.67
6.47
6.54
6.60
6.41
6.16
5.80
5.58
5.11
4.74
3.53
2.80
2.71
2.70
2.69
2.66
2.65
2.66
2.66
2.66
2.67
2.70
2.74
2.77
2.77
2.76
2.76
2.73
2.74
2.71
2.71
2.70
2.70
2.74
2.71
2.73
2.74
2.74
2.74
2.74
2.72
2.73
2.74
2.75
2.77
2.78
2.80
2.83
2.85
2.85
2.82
2.81
2.81
2.78
2.78
2.77
2.75
2.80
2.86
2.90
3.00
3.15
3.50
4.44
7.68
12.73
9.49
8.84
8.93
8.67
8.50
8.33
8.16
8.24
8.08
7.92
7.92
7.76
8.00
8.00
7.92
8.08
8.00
8.16
8.24
8.24
8.00
8.16
8.50
8.50
8.84
8.67
9.02
9.49
9.97
10.17
10.37
10.27
10.68
10.90
10.79
10.58
10.58
10.58
10.90
10.58
10.68
10.90
10.90
10.79
10.68
10.79
10.48
10.07
9.77
9.58
9.39
9.21
8.93
8.58
8.33
8.16
8.24
8.00
999
8.24
8.41
8.50
8.67
8.58
9.11
9.77
9.77
10.58
11.44
12.73
13.47
14.13
14.39
14.39
13.35
12.97
12.73
12.97
13.35
13.60
13.35
13.10
13.10
12.97
12.85
12.73
12.73
12.48
12.13
12.13
12.01
11.67
11.22
11.33
11.67
11.33
11.11
11.22
10.90
10.58
10.58
10.48
10.48
10.37
10.37
10.48
10.37
10.37
10.17
10.07
9.97
9.77
10.07
9.97
9.87
9.58
9.39
9.58
9.21
8.84
8.33
7.84
7.30
7.30
6.94
6.74
6.81
6.74
6.81
6.94
6.74
6.67
6.81
6.74
6.74
6.88
6.74
6.54
6.47
6.28
5.92
5.52
5.06
4.57
4.21
3.17
2.68
2.68
2.67
2.66
2.65
2.64
2.64
2.64
2.65
2.65
2.69
2.71
2.74
2.73
2.75
2.74
2.74
2.71
2.69
2.71
2.71
2.71
2.69
2.71
2.71
2.74
2.74
2.72
2.73
2.73
2.74
2.71
2.73
2.74
2.76
2.78
2.81
2.80
2.79
2.82
2.81
2.76
2.74
2.74
2.74
2.76
2.79
2.81
2.88
3.00
3.13
3.43
4.40
7.76
14.13
11.11
9.68
9.77
9.58
9.58
9.21
8.76
8.58
8.58
8.58
8.58
8.50
8.41
8.50
8.58
8.50
8.41
8.58
8.84
8.93
8.84
8.93
9.02
9.58
9.97
10.37
10.68
11.22
11.67
11.67
11.67
11.67
11.67
11.44
11.22
11.22
11.33
11.22
11.11
11.11
11.33
11.33
11.00
11.11
11.22
10.90
10.79
10.17
10.07
9.68
9.68
9.30
8.93
8.67
8.67
8.50
8.08
8.16
999
8.93
9.02
9.11
8.93
9.21
9.49
9.77
10.68
11.11
11.90
12.85
13.60
14.80
15.50
14.94
13.47
12.73
12.73
13.22
13.86
13.99
13.47
13.35
13.22
12.97
12.97
13.10
13.10
12.97
12.60
12.60
12.13
12.01
11.55
11.78
12.36
12.25
12.13
11.67
11.22
10.90
10.58
10.90
10.90
10.68
10.79
10.90
10.79
10.48
10.58
10.48
10.27
10.27
10.17
10.37
9.87
9.87
10.07
10.07
9.97
9.58
9.68
9.30
9.02
8.67
8.24
8.24
8.00
7.84
7.84
7.60
7.30
7.53
7.30
7.16
7.16
7.16
6.94
6.94
6.60
6.10
5.47
4.78
4.18
3.72
3.34
2.79
2.63
2.64
2.67
2.64
2.63
2.63
2.62
2.62
2.64
2.65
2.66
2.68
2.70
2.69
2.71
2.72
2.69
2.69
2.69
2.68
2.69
2.68
2.68
2.71
2.71
2.71
2.69
2.71
2.71
2.71
2.71
2.69
2.69
2.72
2.74
2.74
2.77
2.80
2.79
2.80
2.77
2.73
2.72
2.71
2.71
2.72
2.77
2.82
2.88
2.97
3.12
3.43
4.57
8.50
14.80
13.47
11.90
12.01
11.55
11.22
10.90
10.79
10.37
10.27
9.97
9.97
9.97
9.77
9.87
10.27
10.48
10.27
10.37
10.90
10.90
10.90
11.55
12.13
12.60
12.97
12.85
13.10
13.10
12.85
12.60
12.36
12.60
12.25
12.01
12.01
12.13
11.90
11.33
11.33
11.55
11.33
11.22
11.00
11.78
11.67
11.33
10.90
10.58
10.37
9.77
9.58
9.39
9.30
9.02
8.93
8.58
8.33
8.67
999
9.39
9.49
9.68
9.58
9.68
9.58
10.07
10.68
11.55
12.25
13.22
14.26
15.22
15.94
15.36
13.60
13.10
12.97
13.35
14.53
14.66
14.39
13.99
13.35
13.22
12.97
13.22
13.22
13.10
12.85
12.73
12.25
12.60
12.13
12.48
13.22
13.22
12.73
12.25
11.78
11.44
11.44
11.33
11.55
11.11
11.00
11.22
11.11
11.11
11.33
11.00
10.79
10.79
10.90
10.79
10.58
10.79
10.79
10.68
10.37
10.37
10.27
10.37
10.17
10.07
10.17
9.97
9.87
9.68
9.68
9.39
9.21
8.93
8.58
8.50
8.33
8.16
7.84
7.38
6.47
5.92
4.83
3.84
3.29
2.94
2.75
2.62
2.60
2.62
2.65
2.65
2.64
2.62
2.62
2.62
2.62
2.64
2.65
2.65
2.69
2.71
2.71
2.70
2.71
2.69
2.68
2.67
2.67
2.67
2.67
2.69
2.68
2.69
2.69
2.71
2.71
2.69
2.70
2.69
2.70
2.71
2.72
2.73
2.76
2.78
2.75
2.76
2.73
2.74
2.71
2.71
2.71
2.68
2.75
2.79
2.84
2.94
3.08
3.43
4.57
8.76
15.36
16.38
15.36
15.36
15.22
15.22
14.94
14.39
13.86
13.47
13.35
13.22
13.35
13.73
13.86
13.99
13.99
14.26
14.39
14.80
14.53
14.66
15.08
15.22
15.22
15.08
15.22
14.94
14.13
13.99
13.86
13.60
12.85
12.85
13.10
12.73
12.36
12.36
12.13
12.13
11.55
11.67
11.55
11.67
12.48
12.48
11.90
11.55
10.90
10.37
10.37
9.97
9.87
9.49
9.02
9.21
9.02
9.02
9.11
999
10.37
10.27
10.07
10.17
9.77
9.97
10.90
10.90
11.67
12.97
13.73
14.53
15.65
16.23
15.36
13.60
13.22
13.10
13.22
14.66
15.50
15.36
14.26
13.47
13.22
13.99
14.26
14.39
14.39
13.99
13.47
13.73
13.22
13.10
13.47
14.80
14.66
13.73
12.97
12.48
12.60
12.73
13.10
12.97
13.10
12.97
12.85
12.73
12.73
12.36
12.48
12.60
12.48
12.36
12.25
12.48
12.25
12.25
12.01
12.25
12.01
11.90
11.78
11.67
11.67
11.33
11.33
11.22
11.33
11.22
10.90
10.79
10.90
10.58
10.48
10.17
9.97
9.58
8.67
7.30
5.69
4.00
3.06
2.71
2.61
2.59
2.60
2.59
2.61
2.64
2.64
2.62
2.61
2.62
2.62
2.61
2.63
2.64
2.65
2.67
2.67
2.66
2.67
2.69
2.67
2.66
2.65
2.65
2.66
2.67
2.68
2.67
2.69
2.68
2.67
2.67
2.67
2.68
2.68
2.68
2.67
2.69
2.72
2.72
2.74
2.75
2.74
2.71
2.71
2.67
2.67
2.69
2.69
2.72
2.76
2.83
2.91
3.08
3.45
4.57
9.68
16.38
19.76
21.00
22.29
24.25
25.48
24.65
23.65
22.87
22.10
21.18
20.46
20.28
19.76
19.25
19.08
18.91
18.42
18.09
18.09
18.09
17.93
18.09
17.77
18.42
18.58
18.25
17.61
17.45
17.14
16.53
16.23
15.94
15.50
15.08
14.80
14.26
14.13
13.73
12.85
12.48
12.13
12.13
12.25
13.35
13.22
13.10
12.36
11.44
11.33
11.00
10.90
10.37
10.07
9.97
9.77
9.58
9.68
9.97
999
11.22
10.79
10.79
10.48
10.17
10.07
10.90
11.44
12.25
12.85
13.73
14.94
16.09
16.53
15.79
13.60
12.85
12.60
13.47
15.22
15.65
15.36
14.39
13.47
12.97
14.26
15.22
15.65
15.65
15.36
15.36
14.94
14.53
14.26
15.50
16.23
15.94
14.80
13.86
12.97
13.10
14.53
15.08
14.66
14.80
14.94
14.94
14.66
14.39
14.26
13.99
13.99
13.60
13.47
13.60
13.22
12.97
12.85
13.22
13.22
12.85
12.85
12.85
12.85
12.36
12.36
12.60
12.48
12.01
11.90
11.78
11.67
11.44
11.33
11.33
10.90
10.79
9.87
9.39
8.00
6.10
4.14
3.01
2.64
2.59
2.60
2.61
2.59
2.60
2.64
2.63
2.62
2.61
2.60
2.61
2.61
2.61
2.62
2.64
2.66
2.67
2.66
2.67
2.68
2.66
2.66
2.65
2.65
2.66
2.66
2.66
2.66
2.68
2.67
2.67
2.69
2.68
2.67
2.66
2.69
2.68
2.69
2.71
2.71
2.73
2.74
2.71
2.69
2.67
2.67
2.66
2.66
2.67
2.69
2.75
2.82
2.89
3.01
3.43
4.65
9.97
16.38
20.46
23.65
25.69
27.63
29.21
29.44
28.53
26.32
25.27
24.86
23.85
22.87
22.29
22.10
21.55
20.82
20.28
19.93
20.28
19.42
19.25
19.59
19.76
19.59
19.25
19.59
19.25
19.08
18.58
18.25
18.42
18.09
17.61
17.30
17.14
16.83
16.68
15.50
14.94
13.47
12.60
12.60
13.10
15.36
14.66
13.47
12.85
12.13
11.67
11.78
11.55
11.00
10.68
10.68
10.37
10.17
10.27
10.79
999
11.55
11.55
11.00
10.90
10.58
10.37
11.11
11.90
12.25
13.10
14.26
15.50
16.53
16.99
16.53
13.22
12.36
11.67
12.48
14.80
16.09
15.50
14.39
13.73
13.10
13.99
15.79
16.23
16.09
16.38
15.65
15.50
15.50
15.08
16.53
16.99
16.09
15.22
14.26
13.47
14.53
16.99
17.45
17.61
17.14
16.68
16.68
16.83
16.23
15.94
15.79
15.36
15.36
15.08
14.94
14.94
14.66
14.39
14.39
14.26
13.86
13.99
13.73
13.86
13.47
13.47
13.73
13.35
13.35
13.10
13.22
12.85
12.73
12.48
12.13
12.01
11.67
11.11
10.37
8.58
6.67
4.37
3.06
2.64
2.59
2.61
2.61
2.60
2.60
2.63
2.62
2.62
2.60
2.60
2.60
2.61
2.60
2.61
2.63
2.64
2.66
2.65
2.66
2.66
2.66
2.64
2.63
2.64
2.65
2.65
2.66
2.66
2.65
2.66
2.66
2.66
2.66
2.64
2.66
2.67
2.67
2.68
2.68
2.69
2.72
2.69
2.70
2.68
2.65
2.66
2.64
2.65
2.66
2.68
2.74
2.80
2.85
3.05
3.43
4.70
11.11
16.53
21.36
24.65
27.19
30.15
30.86
30.62
30.38
29.91
28.53
28.30
26.75
26.32
25.69
24.86
24.25
23.25
22.48
22.48
22.10
21.18
21.18
20.82
21.00
20.82
20.82
20.82
20.64
20.46
20.28
19.42
19.93
19.59
19.25
19.08
18.75
18.58
18.58
17.93
16.68
14.66
13.60
13.47
14.26
16.23
15.94
14.26
13.35
12.60
12.25
12.48
12.25
12.13
11.55
11.11
10.79
10.90
10.90
11.55
999
12.25
11.90
11.11
11.11
10.48
11.11
11.78
12.25
12.73
13.10
14.13
16.09
16.99
17.77
17.93
12.97
11.67
11.00
11.55
14.13
15.94
15.22
14.13
13.86
13.35
14.26
15.65
16.23
16.53
16.09
16.23
15.94
15.50
15.79
17.14
17.14
16.23
15.50
13.99
13.99
15.36
17.77
18.75
18.25
18.25
18.42
17.93
17.61
17.61
16.99
17.14
16.53
16.23
16.38
15.79
16.09
15.94
15.22
15.50
15.08
15.36
14.80
15.22
15.08
14.94
15.08
14.53
14.80
14.53
14.26
14.13
13.35
13.73
13.35
13.10
12.97
12.25
11.67
11.22
9.49
7.23
4.83
3.17
2.65
2.59
2.61
2.62
2.60
2.59
2.62
2.62
2.61
2.60
2.60
2.60
2.60
2.60
2.61
2.61
2.63
2.64
2.64
2.66
2.65
2.64
2.64
2.63
2.64
2.64
2.64
2.65
2.66
2.64
2.66
2.66
2.66
2.65
2.65
2.66
2.64
2.67
2.67
2.67
2.70
2.69
2.71
2.69
2.65
2.66
2.64
2.64
2.64
2.65
2.67
2.69
2.75
2.86
3.01
3.43
4.92
11.44
16.38
21.18
25.69
28.53
30.86
31.10
30.86
31.10
30.38
30.15
29.91
28.98
28.30
27.41
25.69
26.11
24.86
24.04
23.45
23.45
22.48
22.10
21.36
21.92
21.92
21.73
21.55
20.82
21.18
21.00
20.46
21.00
20.82
20.28
20.64
19.93
20.11
19.76
18.91
18.09
16.09
14.66
14.26
14.94
16.83
16.38
14.66
13.73
12.97
12.60
13.10
12.73
12.36
11.78
11.44
11.55
11.44
11.33
12.13
999
12.60
12.01
11.90
11.44
11.00
11.67
11.90
12.85
13.22
13.73
15.08
16.09
17.14
19.59
18.75
13.22
11.78
10.48
11.33
13.22
16.09
15.50
14.53
13.86
13.73
14.39
15.94
16.38
16.38
16.38
15.79
16.09
15.50
15.94
16.83
17.14
16.53
15.08
14.26
14.13
16.53
18.91
19.25
19.42
19.59
19.42
19.25
18.75
18.75
18.42
18.25
17.61
17.61
17.45
17.45
17.30
16.99
16.99
16.68
16.53
16.83
16.53
16.23
16.53
16.38
15.50
16.09
15.65
15.65
15.50
14.94
14.39
14.53
14.13
13.99
13.47
12.97
12.97
11.90
10.68
8.16
5.16
3.34
2.66
2.59
2.61
2.62
2.61
2.59
2.61
2.61
2.61
2.60
2.59
2.59
2.59
2.60
2.60
2.61
2.62
2.64
2.63
2.64
2.63
2.64
2.64
2.64
2.65
2.64
2.64
2.64
2.64
2.66
2.66
2.64
2.66
2.66
2.65
2.65
2.65
2.66
2.66
2.66
2.69
2.69
2.68
2.67
2.64
2.65
2.63
2.62
2.63
2.64
2.65
2.71
2.76
2.83
3.00
3.38
5.06
12.13
17.61
22.10
26.54
29.44
30.62
31.10
30.62
31.10
30.15
31.10
30.38
30.38
29.68
28.98
28.30
27.63
26.32
25.90
24.65
24.65
23.85
23.45
22.67
22.87
22.67
22.48
22.67
21.92
22.29
22.10
21.73
22.10
21.36
21.18
21.18
21.18
21.00
21.00
19.76
19.25
16.99
15.50
15.08
15.08
17.61
16.68
15.08
13.86
12.85
12.85
13.10
13.22
12.48
12.48
11.90
12.01
11.90
12.36
12.48
999
12.85
12.60
12.01
11.55
11.55
11.67
12.48
13.10
12.97
14.26
15.36
16.53
17.61
20.11
18.25
13.10
11.78
11.22
11.90
13.22
16.38
15.65
14.53
14.13
13.60
14.66
16.09
16.23
16.53
15.94
15.79
15.94
15.65
15.79
17.61
17.30
16.53
15.36
14.13
14.80
16.99
19.76
20.28
20.11
20.11
20.46
19.93
19.93
19.76
18.91
19.08
18.75
18.75
18.75
18.09
18.42
18.42
18.25
18.09
17.30
17.45
17.61
17.77
17.14
17.30
16.83
17.14
16.83
16.53
15.94
15.65
14.94
15.50
15.08
14.53
14.26
13.60
13.10
12.60
11.11
8.76
5.74
3.48
2.69
2.59
2.62
2.64
2.62
2.59
2.60
2.61
2.60
2.59
2.59
2.59
2.59
2.59
2.60
2.60
2.62
2.62
2.63
2.63
2.63
2.64
2.64
2.65
2.66
2.64
2.63
2.64
2.64
2.65
2.66
2.66
2.65
2.65
2.66
2.65
2.65
2.66
2.65
2.66
2.68
2.67
2.67
2.66
2.64
2.63
2.63
2.62
2.63
2.63
2.64
2.67
2.74
2.82
2.98
3.45
5.31
12.36
17.77
22.10
26.97
29.91
30.86
31.10
30.62
31.10
30.62
30.62
31.10
31.10
30.38
30.15
28.98
29.21
28.07
26.54
25.90
25.27
24.25
24.25
23.45
23.85
23.65
23.45
23.25
22.87
22.67
23.06
22.87
22.67
22.67
21.92
22.10
21.55
21.73
21.73
21.55
19.93
18.09
15.79
15.79
15.94
17.45
17.14
15.08
14.26
13.22
12.97
13.60
13.47
12.97
12.73
12.36
12.36
12.36
12.48
13.10
999
13.22
12.48
12.36
11.90
12.13
12.36
13.10
13.47
13.73
14.66
15.65
16.83
17.30
20.64
18.25
12.85
11.67
11.78
12.36
13.60
16.23
15.36
14.66
13.86
14.26
15.22
15.94
16.38
16.68
16.53
16.23
15.79
15.36
15.94
17.77
16.99
16.53
15.22
13.99
15.22
17.77
20.28
20.64
21.00
21.18
21.36
20.46
20.82
20.46
20.64
20.11
19.59
19.93
19.76
19.59
19.42
18.91
18.75
18.91
18.58
18.91
18.75
18.25
18.58
17.93
18.09
18.09
17.45
17.77
17.61
16.83
16.09
16.23
15.50
15.50
15.08
13.99
13.86
12.97
12.13
9.49
6.10
3.69
2.71
2.59
2.62
2.64
2.63
2.60
2.59
2.61
2.60
2.59
2.59
2.59
2.59
2.59
2.59
2.60
2.60
2.62
2.63
2.61
2.62
2.64
2.65
2.65
2.65
2.63
2.64
2.64
2.64
2.64
2.64
2.64
2.64
2.66
2.65
2.64
2.66
2.66
2.65
2.66
2.66
2.67
2.66
2.63
2.63
2.62
2.61
2.61
2.62
2.62
2.64
2.68
2.72
2.80
3.00
3.38
5.58
13.10
17.93
23.25
27.63
30.62
31.10
30.62
31.10
31.10
30.62
31.10
30.86
30.86
31.10
30.38
30.38
29.21
29.21
28.07
26.97
26.11
25.48
24.65
24.45
24.25
24.04
24.25
23.85
24.04
23.45
23.65
23.65
23.65
22.87
23.25
22.67
22.48
22.87
22.10
22.29
20.64
18.75
16.99
16.09
16.09
18.25
17.14
15.65
14.39
12.85
12.97
13.86
13.99
13.47
13.22
12.73
12.85
12.97
12.85
13.10
999
13.22
12.85
12.36
12.48
12.73
13.10
13.22
13.47
13.86
13.99
16.09
16.68
17.45
21.18
17.93
12.60
11.33
11.67
12.97
13.47
15.79
15.36
14.26
14.39
14.53
15.08
16.09
16.38
16.09
16.38
16.09
15.50
15.50
16.23
17.77
17.14
16.23
14.80
14.26
15.22
19.08
20.82
21.36
21.73
21.55
21.55
21.00
21.00
20.82
21.18
20.11
20.28
20.28
19.59
19.93
19.76
19.59
19.93
19.08
18.75
18.91
19.25
19.25
18.91
18.58
18.75
18.75
18.42
18.25
17.77
17.30
16.68
16.83
16.09
15.65
14.94
14.80
14.13
12.97
12.25
9.97
6.47
3.84
2.73
2.59
2.63
2.65
2.64
2.60
2.59
2.60
2.59
2.59
2.59
2.59
2.59
2.59
2.59
2.59
2.60
2.61
2.62
2.61
2.62
2.62
2.65
2.66
2.67
2.63
2.64
2.64
2.64
2.64
2.64
2.64
2.65
2.65
2.65
2.65
2.65
2.66
2.64
2.65
2.66
2.66
2.65
2.63
2.62
2.61
2.60
2.61
2.61
2.61
2.63
2.65
2.72
2.80
2.97
3.43
5.92
13.22
18.09
23.45
27.85
31.10
31.10
31.10
30.86
30.86
31.10
31.10
30.62
31.10
30.62
31.10
30.38
30.15
29.68
28.98
27.85
27.19
25.69
25.90
25.06
24.65
24.65
23.85
24.65
24.25
24.25
24.04
23.45
23.25
23.45
23.65
22.48
23.06
22.29
22.87
22.67
21.18
19.08
17.14
16.53
16.99
18.42
17.30
15.94
14.53
13.10
13.22
13.73
14.39
13.99
13.35
12.97
12.85
12.97
13.35
12.97
999
13.10
13.10
12.73
12.97
12.97
12.97
13.35
13.73
13.99
14.39
16.38
16.83
17.93
21.18
17.45
12.36
11.33
11.44
12.73
12.73
14.94
15.22
14.39
14.80
14.94
15.08
16.09
16.38
16.23
16.38
15.94
15.65
15.65
16.38
17.45
16.83
15.79
14.80
14.26
15.65
19.59
20.82
21.55
21.73
21.55
21.92
21.73
21.55
21.55
21.18
20.64
20.82
20.11
20.46
20.28
20.11
20.28
19.76
19.59
19.59
19.42
19.76
19.59
19.08
19.42
19.08
19.25
19.08
18.42
18.58
17.45
16.99
17.61
16.68
15.94
15.65
14.94
14.39
13.47
12.48
10.37
6.94
3.84
2.71
2.59
2.64
2.65
2.65
2.61
2.59
2.60
2.59
2.59
2.59
2.59
2.59
2.59
2.59
2.59
2.60
2.60
2.62
2.62
2.61
2.64
2.66
2.65
2.67
2.64
2.64
2.63
2.64
2.64
2.64
2.64
2.64
2.64
2.65
2.65
2.66
2.66
2.64
2.65
2.66
2.65
2.64
2.62
2.61
2.61
2.60
2.60
2.61
2.61
2.62
2.66
2.71
2.78
2.97
3.43
6.34
13.35
18.58
24.04
28.98
30.62
31.10
31.10
30.62
31.10
30.62
31.10
31.10
30.86
30.86
30.62
30.86
31.10
30.15
29.68
28.98
28.07
26.54
26.32
25.48
24.86
25.06
24.65
24.65
24.45
24.04
24.45
24.25
24.25
23.85
23.45
23.25
23.25
23.06
23.06
23.06
21.92
20.64
17.61
16.83
17.14
18.42
17.77
16.09
14.53
13.35
13.35
13.99
14.66
13.73
13.47
13.35
13.35
13.47
13.22
13.22
999
13.35
13.22
12.97
13.35
13.22
13.22
13.47
13.47
13.99
14.66
16.23
17.45
18.25
21.73
17.30
12.01
10.90
10.90
12.13
12.36
13.86
14.94
14.39
15.22
14.80
15.36
15.36
15.94
16.09
16.09
16.23
15.50
15.65
16.99
17.77
16.83
15.94
14.39
14.13
16.38
20.11
20.82
22.10
21.73
22.10
22.10
21.73
21.92
21.36
21.92
21.73
21.73
21.18
21.36
21.00
21.36
21.00
20.82
21.00
20.64
20.64
20.11
20.64
20.28
20.28
19.76
20.28
19.59
19.42
19.59
17.93
17.14
18.09
17.14
16.99
16.38
15.36
14.80
13.86
12.85
11.22
7.30
4.18
2.77
2.60
2.64
2.66
2.66
2.62
2.59
2.59
2.59
2.59
2.59
2.59
2.59
2.59
2.59
2.59
2.59
2.60
2.61
2.61
2.62
2.65
2.64
2.66
2.66
2.64
2.64
2.64
2.64
2.64
2.65
2.64
2.65
2.64
2.64
2.65
2.65
2.64
2.64
2.64
2.66
2.64
2.63
2.62
2.61
2.60
2.60
2.60
2.60
2.61
2.62
2.64
2.69
2.78
2.93
3.55
6.88
13.73
19.25
24.45
29.21
31.10
30.62
31.10
31.10
30.86
31.10
31.10
30.86
31.10
30.62
31.10
31.10
31.10
31.10
29.91
29.21
28.75
26.97
26.97
26.54
25.27
25.90
25.48
25.27
25.06
24.65
25.27
24.45
24.25
24.65
24.45
24.45
24.25
23.65
24.04
23.45
22.87
21.18
18.58
17.14
17.14
18.91
17.93
16.38
14.94
13.10
13.35
14.13
14.80
14.13
13.35
13.22
13.47
13.35
13.60
13.47
999
13.35
13.47
13.47
13.22
13.35
13.10
13.73
14.39
14.53
15.36
16.83
17.45
19.08
22.10
16.68
12.25
10.17
10.68
11.78
12.01
12.60
14.39
14.13
15.36
15.36
15.50
15.79
15.79
15.65
16.09
15.36
15.22
15.50
16.83
17.77
16.83
15.50
14.53
14.53
17.14
21.18
21.73
22.48
23.06
22.67
23.06
22.48
22.29
22.87
22.67
22.10
22.87
22.29
22.29
22.48
22.10
22.48
22.10
22.29
22.29
22.29
22.29
22.10
22.10
21.73
21.73
21.55
21.18
21.18
21.00
19.42
18.91
19.59
18.25
18.58
17.30
16.99
15.94
15.08
13.60
12.01
8.50
4.83
2.90
2.59
2.64
2.66
2.66
2.63
2.59
2.59
2.59
2.59
2.59
2.59
2.59
2.59
2.59
2.59
2.59
2.60
2.61
2.62
2.62
2.64
2.65
2.66
2.65
2.64
2.64
2.64
2.63
2.65
2.65
2.64
2.66
2.65
2.64
2.65
2.65
2.64
2.64
2.65
2.64
2.64
2.62
2.60
2.60
2.60
2.59
2.60
2.60
2.60
2.61
2.63
2.68
2.77
2.98
3.58
7.60
14.39
19.25
24.86
30.15
30.62
30.86
30.62
30.62
31.10
31.10
30.62
31.10
30.62
31.34
30.86
31.10
30.62
31.10
30.38
30.15
28.98
28.53
27.63
27.19
27.19
26.97
26.32
26.32
26.32
25.69
25.90
25.27
25.90
25.69
25.69
25.27
24.65
24.86
25.06
24.45
23.65
21.73
18.91
18.58
17.77
19.08
18.25
16.68
15.08
13.73
13.35
14.13
15.22
14.53
13.73
13.47
13.35
13.99
13.73
13.60
999
13.99
13.99
13.22
13.35
13.86
13.73
14.39
14.53
14.94
15.79
17.14
18.09
20.64
21.55
16.23
11.90
9.87
9.87
11.22
11.90
11.11
13.86
13.86
15.36
15.65
15.22
15.50
15.94
15.65
15.79
15.50
14.94
15.36
17.30
17.77
16.68
15.65
14.26
15.08
18.58
21.55
23.06
23.06
24.04
23.85
23.85
24.04
23.45
23.85
24.04
23.65
23.25
23.45
23.25
23.65
23.65
23.25
24.04
23.45
24.04
23.85
23.65
23.85
23.65
23.45
23.65
23.45
23.25
22.48
22.48
20.64
20.28
21.18
19.93
20.11
19.25
18.42
17.14
16.09
14.80
13.35
9.97
5.63
3.13
2.59
2.63
2.66
2.66
2.64
2.60
2.59
2.59
2.59
2.59
2.59
2.59
2.59
2.59
2.59
2.59
2.59
2.60
2.61
2.63
2.65
2.66
2.65
2.64
2.63
2.64
2.64
2.65
2.66
2.66
2.65
2.66
2.66
2.66
2.65
2.64
2.64
2.64
2.65
2.64
2.63
2.62
2.60
2.60
2.59
2.59
2.59
2.59
2.60
2.61
2.64
2.67
2.75
2.94
3.72
8.58
14.94
20.11
25.48
30.62
30.62
31.10
30.62
31.10
30.38
31.10
31.10
30.86
30.62
31.10
31.10
31.10
30.86
30.86
31.10
30.15
29.91
28.53
29.21
28.53
28.07
27.41
27.19
27.19
27.41
26.97
26.75
26.32
26.97
26.54
26.75
26.11
26.32
26.11
25.27
25.90
24.86
23.06
19.76
18.91
18.25
19.59
18.58
16.53
15.08
13.60
13.60
14.66
15.36
14.53
14.13
13.73
13.86
14.26
13.86
13.99
999
14.39
13.99
13.73
14.53
13.86
14.39
14.39
15.08
15.65
16.09
17.61
19.42
22.48
21.18
16.38
12.01
9.68
9.30
10.37
12.01
10.48
12.25
13.60
15.94
15.94
15.94
15.94
15.79
15.94
15.65
15.36
14.94
15.36
17.77
17.61
16.38
15.65
14.53
15.50
19.93
22.87
23.45
24.04
24.65
24.86
24.45
24.86
24.65
25.06
24.65
24.65
25.06
25.06
24.45
24.86
24.65
25.06
25.27
24.45
25.06
24.65
25.27
25.27
25.06
25.06
25.48
24.86
25.06
24.45
23.85
22.29
21.92
22.48
21.73
21.18
20.64
19.59
18.58
17.45
15.94
14.53
11.22
6.74
3.45
2.62
2.62
2.66
2.65
2.65
2.61
2.59
2.59
2.59
2.60
2.60
2.60
2.59
2.59
2.59
2.59
2.59
2.60
2.61
2.63
2.63
2.64
2.65
2.66
2.66
2.65
2.66
2.65
2.66
2.66
2.66
2.66
2.65
2.67
2.66
2.65
2.65
2.65
2.64
2.63
2.62
2.61
2.60
2.59
2.59
2.59
2.59
2.59
2.60
2.61
2.63
2.67
2.74
2.96
3.84
9.68
15.36
20.46
26.75
30.86
30.62
31.10
30.62
31.10
31.10
31.10
31.10
31.10
30.62
31.10
30.38
31.10
30.62
31.10
31.10
29.44
30.15
29.68
28.75
29.44
29.44
28.30
29.21
28.30
28.53
28.30
27.63
27.85
27.63
27.63
27.41
27.41
26.97
26.97
26.54
26.54
26.32
23.45
20.11
19.25
19.08
19.76
18.91
17.14
15.65
13.86
13.60
14.80
15.36
15.22
14.13
13.86
14.13
14.13
14.13
14.39
999
14.26
14.13
14.26
14.53
14.94
14.80
15.22
15.08
15.65
16.23
18.09
21.73
22.87
20.28
16.38
11.55
9.87
9.77
11.11
12.73
11.55
12.25
13.73
16.09
15.50
15.94
15.79
15.94
16.09
15.50
15.08
14.39
15.65
17.77
17.61
16.53
15.36
14.94
16.38
21.73
24.25
25.06
25.69
26.11
26.11
25.69
25.69
25.90
26.11
25.69
26.11
25.69
26.11
26.11
26.11
25.69
25.90
26.32
26.32
26.32
25.69
26.32
26.11
26.32
25.69
26.54
26.32
26.11
25.69
25.27
22.87
22.10
23.65
23.06
23.06
21.73
20.28
19.42
18.09
16.68
14.94
12.13
7.02
3.64
2.62
2.63
2.66
2.65
2.65
2.61
2.59
2.59
2.59
2.60
2.60
2.60
2.60
2.59
2.59
2.59
2.59
2.59
2.61
2.62
2.62
2.64
2.65
2.66
2.66
2.66
2.67
2.67
2.67
2.69
2.67
2.68
2.66
2.65
2.66
2.66
2.65
2.66
2.64
2.63
2.62
2.60
2.59
2.59
2.59
2.59
2.59
2.59
2.60
2.61
2.62
2.66
2.74
3.00
4.04
10.58
15.79
20.82
27.41
30.62
30.62
30.62
31.10
31.10
31.10
30.38
31.10
31.10
30.62
31.10
30.62
30.86
30.86
31.10
31.10
31.10
30.15
30.62
30.15
29.68
30.15
29.21
29.68
29.68
29.44
29.21
28.53
28.30
28.75
28.53
28.30
28.07
27.85
28.07
27.41
27.63
27.63
24.25
21.00
18.75
19.08
19.93
19.08
17.14
15.79
14.13
13.60
14.53
15.94
15.08
14.66
13.99
13.86
14.26
14.53
13.73
999
14.39
14.80
14.26
14.53
15.08
15.50
16.09
15.79
15.65
15.65
18.58
22.29
20.82
18.58
15.79
12.36
11.90
12.01
12.97
13.60
13.35
12.85
14.26
15.94
15.94
15.65
15.94
16.38
15.65
15.50
15.08
14.94
16.23
17.61
17.14
16.09
15.08
15.08
17.30
22.87
25.06
25.90
25.48
26.75
27.85
28.30
28.07
27.19
27.41
27.63
27.19
27.85
27.63
27.19
27.63
27.63
27.41
28.07
27.85
27.41
28.07
28.30
28.30
28.30
27.85
27.85
27.63
28.07
28.07
27.41
24.65
25.06
26.32
25.27
25.48
24.65
23.65
22.10
21.18
19.93
18.09
15.50
10.58
5.21
2.93
2.59
2.64
2.66
2.66
2.62
2.60
2.59
2.59
2.60
2.60
2.60
2.60
2.60
2.59
2.59
2.59
2.59
2.60
2.61
2.63
2.64
2.66
2.68
2.67
2.69
2.69
2.69
2.69
2.68
2.67
2.69
2.68
2.69
2.68
2.66
2.66
2.65
2.64
2.63
2.60
2.60
2.59
2.59
2.59
2.59
2.59
2.59
2.59
2.61
2.63
2.66
2.77
3.05
4.37
11.44
16.23
21.92
28.53
30.62
31.10
30.62
30.86
30.86
30.86
31.10
30.62
31.10
31.10
31.10
30.62
30.38
31.10
30.62
31.10
30.62
31.10
30.86
30.62
30.62
30.38
30.38
30.15
30.15
30.15
29.91
29.91
29.68
29.68
29.68
29.44
29.44
29.44
28.98
29.21
29.21
28.75
26.75
23.25
20.28
20.11
20.11
19.25
17.77
16.09
14.53
13.86
14.53
16.09
15.36
14.80
14.26
13.99
14.80
14.94
14.80
999
14.94
14.66
14.53
15.08
15.50
16.09
15.79
15.65
15.50
15.94
18.75
21.00
19.08
17.30
15.50
13.22
13.22
13.47
13.47
14.26
14.53
13.47
14.80
16.23
15.65
15.94
16.09
15.79
15.65
15.50
14.94
15.22
16.83
17.61
16.83
15.94
14.94
15.22
18.75
23.65
25.48
25.90
26.97
26.54
26.54
27.19
27.85
27.41
27.85
27.19
26.97
27.63
27.63
27.85
27.41
27.85
27.41
28.07
28.07
28.30
27.85
28.53
27.85
28.30
28.75
28.75
28.30
28.53
27.63
26.97
22.87
24.86
26.75
25.06
25.90
25.27
23.65
22.48
21.00
19.76
18.58
15.65
11.00
5.69
2.98
2.59
2.65
2.65
2.65
2.63
2.60
2.59
2.59
2.60
2.61
2.60
2.60
2.60
2.59
2.59
2.59
2.59
2.60
2.61
2.63
2.65
2.66
2.69
2.71
2.70
2.71
2.70
2.70
2.71
2.69
2.70
2.71
2.69
2.67
2.68
2.67
2.66
2.64
2.61
2.60
2.60
2.59
2.59
2.59
2.59
2.59
2.59
2.59
2.61
2.63
2.67
2.76
3.08
4.83
12.25
16.83
22.29
29.44
30.86
31.10
31.10
30.62
31.10
31.10
31.10
31.10
31.10
30.86
31.10
30.38
31.10
30.62
31.10
31.10
30.86
30.62
30.38
30.38
30.62
30.38
30.38
30.38
29.91
30.15
29.68
29.68
29.91
29.91
29.91
29.68
29.21
29.44
28.98
29.21
28.75
28.98
26.97
24.04
20.46
21.55
20.82
19.42
17.77
16.09
14.94
13.86
14.66
16.09
15.50
15.08
14.53
14.53
14.80
15.08
14.80
999
14.53
14.66
14.80
15.22
15.79
16.09
15.79
16.23
16.09
15.79
16.99
20.11
18.58
17.61
14.94
13.10
13.86
13.60
13.99
14.66
14.53
13.99
15.65
16.23
16.09
15.79
16.09
16.09
15.50
14.94
14.94
15.65
17.14
17.14
16.68
15.36
14.53
15.22
19.59
24.04
25.90
26.11
26.54
27.19
26.97
27.41
27.19
27.63
27.63
27.41
26.97
27.85
27.63
28.07
28.07
27.63
28.30
28.30
28.07
28.53
28.07
28.98
28.98
28.98
29.21
28.75
28.75
28.98
28.30
27.41
23.25
25.48
27.63
26.11
26.11
25.06
24.04
22.48
21.73
19.76
18.25
15.94
11.44
6.10
3.13
2.59
2.65
2.65
2.65
2.64
2.60
2.59
2.59
2.60
2.61
2.61
2.60
2.60
2.60
2.59
2.59
2.59
2.60
2.61
2.62
2.65
2.67
2.69
2.74
2.73
2.72
2.75
2.73
2.74
2.74
2.73
2.74
2.70
2.69
2.71
2.68
2.67
2.64
2.62
2.60
2.59
2.59
2.59
2.59
2.59
2.59
2.59
2.59
2.60
2.62
2.68
2.80
3.21
5.86
13.10
17.30
23.45
29.68
31.10
31.10
30.86
30.86
31.10
30.62
31.10
30.38
31.10
31.10
30.86
30.86
30.62
30.62
31.10
31.10
30.62
31.10
30.38
30.86
30.86
30.62
30.15
30.15
30.38
30.62
29.91
29.91
30.15
29.68
30.15
29.44
29.44
29.91
29.68
29.68
29.68
28.75
28.30
25.69
23.06
22.67
21.00
20.46
18.42
16.68
14.80
13.99
14.66
16.23
16.23
15.08
14.80
14.53
14.53
15.08
14.66
999
14.13
14.53
14.39
15.08
15.94
16.09
15.94
16.09
15.79
15.50
16.38
18.25
18.09
17.30
14.80
14.26
14.26
14.26
14.13
14.53
14.66
14.94
16.38
15.94
16.23
15.79
16.09
15.50
15.22
14.94
14.66
15.36
17.14
17.30
15.94
15.22
14.94
15.65
21.00
24.86
26.54
26.97
27.41
27.85
27.41
27.41
28.30
28.07
28.53
28.07
27.63
28.53
28.07
27.85
28.75
28.30
28.98
28.98
28.75
29.21
29.21
28.98
29.68
28.98
29.68
29.68
29.44
29.68
28.75
28.53
27.41
28.07
28.75
28.30
26.54
26.75
25.06
24.25
22.67
21.18
19.42
16.99
13.22
7.30
3.58
2.59
2.64
2.65
2.64
2.65
2.61
2.60
2.59
2.60
2.61
2.61
2.60
2.60
2.60
2.59
2.59
2.59
2.59
2.61
2.62
2.64
2.67
2.69
2.74
2.75
2.78
2.78
2.76
2.77
2.78
2.76
2.76
2.74
2.74
2.71
2.71
2.66
2.63
2.61
2.60
2.59
2.59
2.59
2.59
2.59
2.59
2.59
2.59
2.60
2.63
2.69
2.82
3.34
7.02
12.97
18.25
24.45
30.15
30.62
30.62
30.62
31.10
30.86
30.62
31.10
30.62
31.10
30.62
30.86
31.10
31.10
31.10
31.10
30.62
31.10
30.86
30.86
31.10
30.62
30.86
30.86
30.62
30.62
30.38
30.15
30.62
29.91
30.38
30.38
30.15
30.38
28.53
29.44
30.15
29.68
29.68
29.44
27.41
24.65
22.67
22.67
21.00
18.75
16.68
15.08
14.39
14.66
16.09
16.38
15.36
15.08
14.80
14.26
14.53
14.39
999
13.99
13.99
14.53
14.39
15.65
15.79
15.65
15.36
15.65
15.36
15.79
16.83
17.30
16.68
15.36
14.39
14.53
14.13
14.66
14.94
14.39
15.94
16.09
16.23
16.09
15.94
15.65
15.65
14.94
14.13
14.53
15.08
16.68
16.68
15.65
15.22
14.66
17.14
22.29
25.48
27.41
28.07
28.30
28.30
28.98
28.53
29.44
29.21
28.98
28.53
29.44
28.98
28.30
29.21
29.21
29.68
28.98
29.44
29.21
29.91
29.91
29.68
29.68
29.68
29.21
29.68
29.91
29.91
29.68
29.21
28.98
29.21
29.68
28.75
28.30
27.85
26.97
25.48
24.04
22.67
21.18
18.58
15.36
9.58
4.61
2.67
2.62
2.66
2.65
2.66
2.62
2.60
2.59
2.60
2.61
2.61
2.60
2.60
2.60
2.60
2.59
2.59
2.59
2.60
2.62
2.64
2.67
2.71
2.74
2.77
2.79
2.82
2.82
2.82
2.81
2.77
2.78
2.77
2.73
2.74
2.71
2.67
2.63
2.61
2.60
2.59
2.59
2.59
2.59
2.59
2.59
2.59
2.59
2.60
2.64
2.70
2.88
3.64
8.41
13.99
18.91
25.48
30.86
31.10
30.62
31.10
30.62
30.86
31.10
31.10
30.62
30.62
30.86
31.10
30.62
30.38
31.10
31.10
31.10
31.10
31.10
30.62
31.10
31.10
30.62
30.62
31.10
31.10
30.86
30.38
30.62
30.15
30.15
30.86
30.86
30.38
30.62
30.38
30.15
29.91
30.15
29.68
28.98
27.19
24.65
23.65
21.55
19.25
17.61
15.65
14.39
15.08
16.23
16.53
16.09
15.22
14.80
14.39
14.53
14.26
999
14.26
13.60
13.86
14.13
14.94
15.22
15.08
14.94
15.22
14.66
14.94
15.50
15.94
16.23
15.36
14.53
14.53
14.39
14.80
14.53
15.36
16.23
16.38
16.09
16.09
15.65
15.94
15.36
14.94
14.26
14.13
15.65
16.38
15.79
15.94
15.08
15.36
18.75
24.45
26.54
28.07
28.30
28.53
29.44
29.21
28.75
29.21
29.44
29.68
28.98
28.98
29.91
29.21
29.91
29.21
29.68
29.44
29.68
30.15
30.15
29.68
30.15
30.15
30.38
30.15
29.68
30.38
29.91
30.38
29.44
29.21
29.21
29.68
29.21
28.98
28.53
27.63
26.75
25.48
24.25
22.48
19.93
17.30
11.67
5.98
2.97
2.60
2.65
2.66
2.66
2.63
2.60
2.59
2.60
2.60
2.61
2.61
2.60
2.60
2.60
2.59
2.59
2.59
2.60
2.62
2.64
2.66
2.71
2.72
2.77
2.78
2.79
2.82
2.82
2.80
2.82
2.78
2.76
2.75
2.74
2.71
2.66
2.64
2.61
2.59
2.59
2.59
2.59
2.59
2.59
2.59
2.59
2.60
2.61
2.64
2.73
2.91
4.00
9.97
14.26
19.25
26.32
31.10
31.10
30.38
31.10
30.38
30.86
31.10
30.62
31.10
30.62
30.62
31.10
31.10
30.86
30.62
31.10
30.62
31.10
30.62
31.10
31.10
30.62
31.10
30.38
30.62
31.10
31.10
30.62
31.10
30.38
30.86
30.38
30.86
30.86
30.38
30.38
30.86
30.15
30.62
30.38
28.75
28.30
25.69
25.69
21.73
19.59
17.93
16.09
14.80
15.22
16.23
16.23
16.09
15.22
14.66
14.66
14.66
14.13
999
14.26
14.26
13.99
14.13
14.94
14.94
14.80
14.94
14.94
14.53
15.08
14.94
15.08
15.22
14.94
14.66
13.99
14.13
14.53
14.94
15.50
16.09
15.94
15.65
15.94
16.09
15.94
15.50
14.94
14.39
14.94
15.22
16.09
15.79
15.36
15.08
15.79
20.82
24.86
26.97
28.07
28.53
29.21
28.98
29.44
29.21
29.44
29.44
29.91
29.91
29.91
29.91
30.15
29.68
30.15
29.91
30.38
29.91
30.38
30.62
29.91
30.62
30.62
29.91
30.38
30.86
30.15
30.62
30.38
30.38
30.15
29.91
30.15
30.38
30.15
28.98
28.98
27.63
26.75
25.48
24.25
22.29
18.91
14.39
8.16
3.43
2.60
2.62
2.65
2.66
2.64
2.61
2.59
2.59
2.60
2.60
2.61
2.60
2.60
2.60
2.60
2.59
2.59
2.60
2.61
2.64
2.66
2.69
2.74
2.77
2.79
2.82
2.79
2.82
2.80
2.82
2.80
2.77
2.74
2.74
2.70
2.67
2.64
2.61
2.60
2.59
2.59
2.59
2.59
2.59
2.59
2.59
2.60
2.61
2.64
2.74
3.05
4.57
10.58
15.36
20.28
27.19
30.86
31.10
30.86
30.62
31.10
31.10
30.62
31.10
30.62
31.10
31.10
31.10
31.10
31.10
31.10
30.62
30.86
31.10
31.10
30.62
31.10
30.86
30.62
31.10
30.86
30.62
31.10
30.62
30.86
31.10
30.62
30.86
30.86
30.38
31.10
31.10
30.15
30.15
30.38
29.91
29.68
28.98
27.85
26.11
22.67
20.28
18.42
16.68
15.79
15.22
15.94
16.53
16.09
15.36
14.80
14.53
14.53
14.53
999
14.26
14.13
14.39
14.39
15.22
15.22
14.66
14.80
14.94
14.39
14.94
14.94
14.53
14.66
14.94
14.53
14.39
14.26
14.66
15.08
15.79
15.94
15.79
15.94
15.94
15.79
15.94
15.36
15.08
14.53
14.94
15.50
15.50
15.50
15.22
14.80
17.14
22.67
26.32
27.63
27.85
28.98
29.68
29.91
30.15
30.15
29.91
29.68
29.21
30.15
29.68
30.38
30.38
30.38
29.91
30.62
30.38
30.15
30.86
30.15
30.15
30.15
30.62
30.15
30.15
30.86
30.62
30.15
30.62
29.91
30.38
30.15
29.91
30.15
29.91
29.68
29.68
29.21
27.63
27.41
25.69
23.65
21.00
16.09
10.27
4.48
2.66
2.61
2.64
2.65
2.65
2.61
2.60
2.59
2.60
2.60
2.60
2.60
2.60
2.60
2.59
2.59
2.59
2.60
2.62
2.64
2.66
2.69
2.74
2.77
2.78
2.82
2.82
2.79
2.80
2.82
2.78
2.76
2.78
2.74
2.70
2.67
2.64
2.61
2.60
2.59
2.59
2.59
2.59
2.59
2.59
2.59
2.59
2.61
2.65
2.78
3.17
5.74
11.33
15.50
20.82
28.30
30.62
31.10
31.10
30.86
31.10
31.10
31.10
30.62
31.10
30.86
31.10
31.10
30.62
31.10
31.10
30.62
31.10
30.62
30.86
31.10
31.10
30.62
31.10
31.10
30.62
31.10
30.86
29.91
31.10
31.10
31.10
31.10
31.10
30.62
30.62
30.38
31.10
31.10
30.38
30.86
30.15
29.21
29.21
26.75
23.85
21.00
18.58
17.61
16.38
15.79
16.09
16.38
15.65
15.36
14.66
14.94
14.94
14.80
999
14.39
14.53
14.66
14.80
15.36
15.36
14.53
14.94
14.80
14.80
14.66
14.80
14.39
14.39
14.80
14.53
13.99
14.39
14.66
15.36
15.65
15.79
15.79
15.65
15.79
16.09
16.09
15.65
15.08
14.94
15.36
15.22
15.50
15.36
15.08
16.09
19.08
24.86
28.30
28.53
28.98
29.44
29.44
30.38
29.91
30.15
30.15
29.91
30.38
30.38
30.62
30.15
30.38
30.38
30.15
30.62
30.62
30.15
30.86
30.38
31.10
30.86
30.38
30.86
30.86
30.62
30.86
30.38
30.86
30.86
30.15
30.62
30.62
30.86
30.62
30.62
30.15
29.91
29.21
28.30
28.07
26.11
23.65
19.59
12.97
6.22
3.01
2.59
2.62
2.64
2.65
2.62
2.60
2.59
2.59
2.60
2.60
2.60
2.60
2.60
2.59
2.59
2.59
2.60
2.61
2.64
2.66
2.69
2.73
2.78
2.81
2.80
2.82
2.82
2.82
2.80
2.80
2.75
2.77
2.75
2.74
2.69
2.64
2.62
2.60
2.59
2.59
2.59
2.59
2.59
2.59
2.59
2.59
2.62
2.68
2.86
3.45
7.30
11.90
16.23
21.36
29.68
30.62
31.10
31.10
30.62
31.10
31.10
31.10
31.10
30.62
31.10
30.15
31.10
31.10
31.10
31.10
30.62
31.10
30.86
30.86
30.86
31.10
30.62
30.62
30.86
30.86
31.10
31.10
30.62
30.62
31.10
30.62
31.10
31.10
30.62
30.62
31.10
30.86
31.10
31.10
30.38
30.62
30.38
29.91
29.91
26.32
22.10
19.76
18.25
17.30
16.38
16.09
16.23
15.94
15.36
15.36
14.80
14.80
14.66
999
14.66
14.53
14.66
15.50
15.50
14.94
14.66
14.53
14.94
14.80
14.53
14.94
14.80
14.39
14.66
14.13
14.13
14.53
14.94
15.50
15.65
15.65
15.79
16.09
16.09
16.09
16.09
15.79
15.50
15.50
15.50
15.65
15.50
15.08
15.22
16.83
21.36
24.86
26.32
28.75
28.53
29.68
30.15
30.15
28.75
30.62
30.38
30.38
30.62
29.91
30.62
30.62
30.38
30.38
30.38
30.86
30.38
30.38
31.10
30.86
31.10
30.86
30.38
30.86
31.10
30.38
31.10
30.86
30.38
31.10
31.10
30.62
30.86
30.38
30.62
30.86
30.62
29.91
30.15
29.91
28.98
28.07
25.90
22.48
16.68
9.21
3.90
2.64
2.60
2.62
2.64
2.62
2.60
2.59
2.59
2.59
2.60
2.60
2.60
2.59
2.59
2.59
2.59
2.60
2.61
2.64
2.66
2.68
2.74
2.77
2.80
2.82
2.82
2.83
2.83
2.80
2.81
2.79
2.78
2.78
2.75
2.71
2.66
2.62
2.60
2.60
2.59
2.59
2.59
2.59
2.59
2.60
2.60
2.63
2.70
2.91
4.00
8.93
12.48
17.30
22.67
29.68
30.62
31.10
31.10
31.10
30.86
30.86
31.10
30.62
31.10
30.38
31.10
31.10
31.10
30.62
30.62
30.62
31.10
30.62
31.10
31.10
30.86
31.10
30.62
30.62
31.10
30.62
31.10
30.86
30.86
31.10
30.62
30.38
30.15
30.86
31.10
31.10
30.62
31.10
30.62
31.10
30.38
30.38
30.62
30.38
28.98
24.04
20.64
19.08
17.77
16.38
16.38
15.94
16.09
15.65
15.08
15.08
15.50
15.08
999
15.22
14.80
15.50
15.65
15.79
15.50
15.08
14.53
14.94
14.53
14.94
14.80
14.66
14.53
14.53
14.66
14.53
14.80
14.53
15.36
15.79
16.53
16.38
15.79
16.38
16.68
16.68
16.68
15.94
15.65
16.09
16.09
15.94
15.50
15.50
16.83
18.58
27.85
29.91
29.44
29.91
30.15
29.91
29.91
29.91
30.15
30.86
30.15
30.86
30.86
30.62
30.86
30.38
30.38
31.10
30.86
30.86
31.10
30.62
31.10
30.38
30.86
31.10
30.62
31.10
31.10
30.62
30.86
30.62
30.38
31.10
29.68
30.15
30.38
30.38
31.10
31.10
30.86
30.15
30.38
29.68
29.91
27.85
25.06
19.76
12.25
6.10
3.06
2.61
2.60
2.61
2.62
2.60
2.59
2.59
2.59
2.59
2.59
2.59
2.59
2.59
2.59
2.59
2.60
2.62
2.64
2.65
2.69
2.74
2.76
2.82
2.82
2.80
2.85
2.86
2.85
2.83
2.80
2.81
2.78
2.78
2.74
2.68
2.64
2.63
2.61
2.62
2.61
2.61
2.61
2.61
2.61
2.62
2.63
2.76
3.15
5.21
10.17
13.99
18.42
23.85
29.91
30.62
31.10
30.62
31.10
30.86
31.10
31.10
30.62
31.10
31.10
30.86
31.10
30.62
30.62
31.10
30.62
31.10
30.86
30.86
31.10
30.62
30.38
30.62
31.10
31.10
30.62
31.10
31.10
29.68
31.10
30.62
31.10
31.10
30.86
31.10
31.10
30.86
31.10
30.62
31.10
30.86
30.62
30.86
30.15
29.91
26.75
21.92
19.93
18.58
16.83
16.68
16.68
16.53
16.09
15.65
15.65
15.65
15.50
999
15.79
15.65
16.09
16.23
16.09
15.94
15.22
14.94
14.66
14.80
14.94
14.66
14.94
14.66
14.66
14.94
14.94
14.94
15.08
15.22
15.94
16.68
16.68
16.38
16.68
16.99
16.99
17.14
16.99
16.68
16.83
16.23
16.38
15.94
16.83
20.64
26.32
29.44
29.91
30.15
30.38
29.68
29.91
30.38
30.38
30.62
30.86
30.38
30.86
30.15
30.62
31.10
30.86
31.10
31.10
30.38
31.10
31.10
30.62
31.10
30.62
31.10
31.10
30.86
31.10
30.62
30.62
31.10
30.62
31.10
31.10
30.38
31.10
30.38
30.62
31.10
30.86
31.10
30.86
30.38
30.62
30.15
28.75
26.75
23.06
16.38
8.67
3.90
2.75
2.60
2.59
2.60
2.60
2.59
2.61
2.62
2.63
2.68
2.78
2.78
2.67
2.65
2.64
2.64
2.66
2.66
2.66
2.71
2.74
2.76
2.82
2.83
2.83
2.86
2.83
2.86
2.84
2.83
2.82
2.82
2.82
2.81
2.75
2.73
2.71
2.74
2.78
2.83
2.94
3.05
3.01
2.91
2.75
2.70
2.90
3.81
7.30
11.33
15.22
19.42
25.27
30.62
31.10
31.10
30.86
30.38
31.10
30.62
31.10
31.10
31.10
31.10
30.62
30.62
30.38
30.62
31.10
31.10
30.62
31.10
30.62
31.10
30.86
31.10
31.10
31.10
31.10
31.10
30.38
31.10
31.10
29.68
31.10
30.62
31.10
31.10
31.10
30.86
31.10
30.62
31.10
30.62
30.62
30.86
30.62
31.10
31.10
28.53
24.25
21.00
19.42
18.09
16.99
17.14
16.99
16.68
16.68
16.38
16.23
16.09
999
17.14
16.99
16.83
17.30
16.38
16.38
15.94
15.22
15.50
15.36
15.22
15.50
15.50
15.50
15.50
15.08
15.08
15.36
15.50
16.09
16.68
16.99
17.61
17.61
17.61
18.09
18.09
18.58
18.09
17.93
17.45
17.30
17.30
16.83
18.91
24.25
29.21
30.15
29.68
30.62
29.44
30.15
30.86
30.62
30.86
30.86
30.15
30.86
30.86
30.62
30.62
31.10
28.98
29.68
29.91
30.62
31.10
31.10
30.62
30.62
31.10
31.10
31.10
31.10
30.86
30.86
31.10
30.62
31.10
31.10
30.62
31.10
31.10
30.62
31.10
30.86
30.62
31.10
31.10
30.86
30.86
30.15
29.68
28.75
25.48
19.76
12.48
6.47
3.38
2.71
2.63
2.61
2.59
2.60
2.66
2.79
2.94
3.12
3.23
3.43
3.48
3.45
3.27
3.15
3.01
2.80
2.72
2.75
2.78
2.80
2.84
2.86
2.90
2.88
2.90
2.90
2.90
2.89
2.89
2.90
2.91
3.05
3.17
3.36
3.55
3.78
3.81
3.81
3.84
4.07
4.21
4.37
4.04
3.34
3.55
5.69
9.02
12.13
16.38
21.36
27.19
31.10
30.86
30.62
31.10
30.62
30.62
31.10
30.62
31.10
30.62
31.10
31.10
30.62
31.10
30.86
30.86
30.62
31.10
30.86
31.10
30.86
31.10
30.62
30.86
31.34
31.10
31.10
31.10
30.86
31.10
30.62
30.86
30.62
30.62
31.10
30.38
31.10
31.10
31.10
30.62
30.62
31.10
30.38
31.10
30.62
31.10
30.62
26.54
22.48
20.11
19.25
17.77
17.93
17.93
17.61
17.61
17.14
17.77
16.99
999
18.25
18.42
18.58
18.42
17.45
17.30
15.65
15.50
15.65
15.79
15.79
16.09
15.79
16.09
15.65
15.79
15.94
15.94
16.09
16.68
17.77
18.25
18.91
18.58
18.91
19.42
19.93
19.59
19.76
19.08
19.08
18.25
18.25
18.58
22.48
27.41
30.15
30.38
30.38
30.62
30.15
30.86
30.86
30.38
30.86
30.86
30.62
31.10
30.62
31.10
30.38
31.10
31.10
30.62
30.86
31.10
31.10
31.10
30.62
31.10
31.10
30.38
30.62
30.86
31.10
30.86
30.86
31.10
30.62
31.10
30.62
30.62
31.10
30.62
30.38
31.10
30.38
30.62
31.10
31.10
31.10
30.86
30.15
29.44
27.41
23.65
15.79
9.49
4.78
3.23
2.85
2.76
2.73
2.77
2.90
3.13
3.27
3.55
3.72
3.87
3.94
3.90
3.72
3.72
3.69
3.45
3.08
2.90
2.89
2.96
2.98
3.03
3.03
3.06
3.12
3.06
3.08
3.06
3.08
3.19
3.40
3.94
4.61
4.87
4.92
4.83
4.92
4.83
4.70
4.87
5.01
5.21
5.36
5.63
6.22
7.92
10.17
13.22
17.61
22.87
28.07
31.10
30.62
31.10
31.10
31.10
31.34
30.86
30.62
31.10
31.10
30.38
31.10
31.10
30.62
31.10
31.10
31.10
30.62
30.62
30.62
31.10
30.62
30.86
31.10
31.10
31.10
30.86
30.38
31.10
30.62
31.10
30.86
31.10
31.10
30.62
30.62
30.38
31.10
31.10
30.86
31.10
31.10
30.62
31.10
30.62
31.10
31.10
28.75
24.65
21.73
20.11
19.42
18.75
19.76
19.25
19.42
19.59
18.91
18.75
999
22.10
21.36
20.46
20.11
18.75
18.25
17.45
16.99
16.83
16.53
16.68
16.99
16.53
16.83
16.68
16.53
16.99
16.68
17.45
18.58
19.42
20.64
21.18
21.36
22.67
23.65
24.25
24.86
24.25
22.87
21.73
20.82
20.46
21.92
25.48
29.68
30.15
30.62
30.86
30.38
30.38
30.86
31.10
31.10
30.62
30.86
31.10
30.62
31.10
30.62
31.10
31.10
30.62
31.34
31.10
30.86
30.62
31.10
30.15
31.10
30.62
31.10
30.62
30.86
31.10
31.10
31.10
31.10
30.62
31.10
30.62
30.62
30.62
30.86
31.10
31.10
30.62
31.10
30.62
31.10
30.62
30.86
30.86
30.38
29.44
26.97
19.93
13.47
7.84
4.57
3.66
3.31
3.25
3.34
3.45
3.64
4.04
4.29
4.65
4.74
4.57
4.40
4.40
4.18
4.07
3.97
3.97
3.72
3.61
3.64
3.66
3.78
3.87
3.94
4.11
4.11
4.04
4.18
4.33
4.61
5.21
5.63
5.92
6.16
6.41
6.34
6.41
6.28
6.04
5.92
6.16
6.28
6.67
7.23
8.00
9.11
11.22
14.66
19.08
24.86
28.75
31.10
31.10
31.10
31.10
30.15
30.62
31.34
31.10
31.10
31.10
30.62
31.10
31.10
30.86
31.10
30.86
31.10
31.10
30.62
31.10
30.86
31.10
30.86
30.86
31.10
31.10
31.10
30.38
30.62
31.10
30.86
31.10
31.10
30.62
31.10
30.38
30.62
31.10
30.62
31.10
30.38
30.86
31.10
31.10
31.10
31.10
30.62
30.86
27.19
24.65
22.67
21.73
22.29
24.04
24.04
24.86
24.25
23.85
22.87
999
27.85
26.32
24.86
22.10
20.64
19.59
18.58
18.25
17.93
17.61
17.93
17.45
17.93
17.93
17.61
17.93
17.61
18.09
19.08
20.46
22.48
24.86
25.69
27.41
27.41
28.53
29.21
28.75
28.53
27.41
25.27
25.06
25.06
26.11
29.21
29.91
30.86
30.86
30.86
30.86
30.62
31.10
31.10
30.38
31.10
30.62
31.10
31.10
30.62
30.86
30.86
30.86
31.10
30.86
30.86
30.62
30.62
31.34
31.10
31.10
30.86
30.86
31.10
30.38
31.10
30.62
31.10
31.10
31.10
30.62
30.86
31.10
30.86
30.86
31.10
30.62
31.10
30.62
30.62
31.10
30.62
31.10
31.10
30.15
30.38
28.75
25.06
18.25
12.25
7.60
5.74
4.92
4.57
4.37
4.65
4.83
5.31
5.80
6.16
6.16
5.80
5.36
5.11
4.83
4.61
4.48
4.40
4.33
4.37
4.53
4.61
4.87
4.97
5.11
5.31
5.31
5.47
5.52
5.69
5.92
6.54
6.94
7.30
7.84
8.00
7.92
8.16
8.08
7.53
7.60
7.23
8.16
8.41
9.02
9.39
10.79
12.85
16.68
21.00
26.54
30.15
30.86
31.10
30.62
30.62
30.38
31.10
31.10
30.86
31.10
31.10
30.86
31.10
30.62
31.10
31.10
30.86
31.10
30.86
31.10
31.10
30.62
31.10
30.62
31.10
31.10
30.86
31.34
30.86
30.86
31.10
31.10
30.62
31.10
30.62
31.10
31.10
30.62
31.10
31.10
30.38
31.10
30.62
31.10
30.86
31.10
31.10
30.86
31.10
30.15
27.85
27.19
26.11
27.63
29.44
29.44
29.91
29.68
28.98
28.30
999
30.62
29.91
29.91
27.85
25.27
23.85
22.10
21.36
20.64
20.82
20.82
21.00
20.28
20.82
20.82
20.82
21.18
21.92
23.65
26.11
27.63
29.21
29.44
29.91
30.15
29.44
30.15
30.15
30.15
29.91
29.21
28.98
29.21
28.75
30.15
29.68
30.62
30.86
30.62
30.62
30.62
30.86
31.10
30.38
31.10
31.10
31.10
30.86
30.86
30.86
31.10
30.62
31.10
30.38
31.10
30.86
31.10
30.86
30.86
31.10
31.10
30.62
31.10
30.62
31.10
30.86
30.86
31.10
31.10
30.62
31.10
30.62
31.10
31.10
30.86
31.10
30.62
31.10
30.38
31.10
30.62
31.10
30.38
30.86
30.15
29.91
28.53
23.06
17.93
12.73
9.49
8.58
8.08
7.38
7.16
7.30
8.16
8.93
9.49
9.30
8.58
7.45
6.47
5.92
5.52
5.16
5.01
4.78
4.87
4.97
5.21
5.47
5.69
5.92
6.10
6.04
6.16
6.34
6.81
7.38
7.92
8.33
9.11
9.68
10.07
10.79
10.90
11.55
11.44
11.33
11.22
11.22
11.55
12.13
12.48
13.35
15.65
19.42
24.25
28.07
30.38
30.86
30.86
31.10
31.10
30.62
31.10
30.62
31.10
30.86
31.10
31.10
31.10
31.10
30.62
31.10
30.62
31.10
30.62
31.10
30.62
30.62
31.10
30.86
30.86
30.86
30.86
31.10
30.62
30.62
31.10
31.10
31.10
31.10
30.38
31.10
30.62
31.10
30.62
31.10
31.10
31.10
30.86
30.86
30.62
31.10
30.62
31.10
31.10
31.10
30.86
30.15
30.15
30.86
30.38
30.86
30.38
30.86
30.62
30.38
999
31.10
30.86
30.62
30.15
30.15
28.53
28.07
26.75
27.19
26.75
26.54
25.90
26.11
25.90
22.48
23.45
26.54
27.63
28.53
29.91
29.44
29.91
30.38
29.68
26.32
30.62
29.68
30.62
30.38
29.91
30.15
29.21
29.68
30.38
30.38
30.86
30.62
30.38
31.10
30.62
30.38
30.62
30.86
31.10
31.10
30.62
31.10
30.62
31.34
31.10
30.86
30.86
31.10
30.62
31.10
30.62
30.62
31.10
31.10
31.10
31.10
30.38
31.10
30.62
30.62
30.62
30.86
31.10
31.10
30.62
31.10
30.38
31.10
30.62
30.86
31.10
31.10
31.10
31.10
30.62
31.10
30.62
30.62
30.62
30.86
30.62
29.91
27.41
24.04
18.91
15.79
13.99
13.47
12.85
12.01
12.60
13.47
14.94
15.79
14.94
13.47
11.90
9.68
7.92
7.30
6.60
6.16
5.86
5.74
5.52
5.86
4.70
5.06
5.26
5.47
6.94
7.16
7.45
8.16
8.93
9.58
10.48
8.33
12.36
12.97
14.26
16.09
17.30
17.61
17.61
16.99
17.45
16.68
16.23
15.94
16.83
19.25
23.25
26.75
29.91
30.38
30.15
31.10
31.10
31.10
31.10
30.62
31.10
30.62
31.10
30.62
31.10
31.10
30.86
31.10
30.86
31.10
31.10
30.62
31.10
31.10
31.10
31.10
31.10
30.86
31.10
30.62
31.10
30.62
31.10
31.10
30.86
31.10
31.10
31.10
31.10
30.62
31.10
30.86
30.86
31.10
31.10
30.62
31.10
30.38
31.10
31.10
30.62
31.10
31.10
31.10
31.10
30.62
31.10
30.86
30.86
31.10
30.86
30.86
31.10
999
29.68
28.98
31.10
30.38
31.10
30.62
30.38
30.38
29.91
30.38
30.38
29.68
30.15
29.44
30.15
29.91
29.68
30.15
30.15
30.62
29.91
30.15
30.62
30.15
30.38
30.62
30.38
30.86
30.15
30.15
30.62
30.15
30.62
30.38
30.62
30.86
30.62
31.10
30.62
30.15
31.10
30.62
31.10
30.86
30.86
31.10
30.38
30.38
31.10
30.62
30.62
31.10
30.62
31.10
31.10
31.10
31.10
31.10
30.86
31.10
30.86
31.10
30.86
31.10
31.10
30.62
31.10
30.38
31.10
29.91
30.86
31.10
30.62
31.10
30.62
31.10
30.86
30.86
31.10
31.10
31.10
31.10
30.62
31.10
30.15
30.86
30.15
30.38
28.75
21.92
13.22
16.23
21.18
20.11
19.08
20.46
22.67
24.65
25.06
23.45
21.36
18.75
15.65
12.85
11.00
9.21
8.58
8.00
7.45
7.45
7.53
7.60
7.92
8.24
8.41
8.67
8.67
9.11
10.07
11.11
11.78
13.22
13.99
16.38
18.75
21.36
24.25
25.69
26.32
26.32
26.11
24.86
24.45
23.06
22.48
22.67
24.25
26.97
29.21
30.38
30.86
30.86
31.34
30.86
30.86
30.62
31.10
30.62
31.10
31.10
31.10
30.86
30.86
30.86
31.10
30.62
31.10
30.62
31.10
30.62
30.86
31.10
30.86
31.10
31.10
30.86
31.10
30.62
31.10
30.38
30.62
31.10
30.86
30.86
31.10
30.62
31.10
30.62
30.62
31.10
31.10
31.10
31.10
30.86
31.10
30.38
31.10
30.62
31.10
31.10
30.86
31.10
31.10
31.34
30.62
31.10
30.62
30.62
31.10
30.38
999
30.86
30.62
31.10
31.10
31.10
30.38
30.86
30.38
30.38
30.86
30.38
30.62
30.62
29.68
30.62
29.91
30.38
30.38
30.15
30.62
30.62
30.62
30.86
30.62
30.38
30.86
30.38
30.86
30.15
30.86
30.62
30.86
30.38
30.62
30.15
30.86
30.15
31.10
31.10
30.86
30.86
31.10
30.62
31.10
30.38
31.10
30.62
31.10
30.86
31.10
30.86
30.86
31.10
31.10
30.62
31.10
30.62
31.10
30.86
30.86
31.10
31.10
30.62
31.10
30.62
31.10
30.62
31.10
31.10
30.86
30.86
30.86
31.10
30.62
31.10
30.38
31.10
30.62
30.62
31.10
30.86
31.10
31.10
30.62
31.10
30.62
31.10
30.38
30.62
30.15
29.21
28.75
28.30
27.19
27.41
27.63
29.21
29.91
29.68
28.98
27.41
24.04
21.36
18.09
15.79
13.60
11.78
10.90
10.07
9.68
9.39
9.30
9.58
10.07
10.27
10.27
10.79
11.11
12.36
13.22
14.26
16.23
18.09
21.36
24.65
27.63
29.44
30.38
30.15
30.38
29.68
29.91
29.68
29.21
28.07
28.30
28.98
30.15
29.68
30.86
30.62
31.10
30.62
30.62
31.10
31.10
31.10
31.10
31.10
30.62
31.10
30.62
31.10
30.62
31.10
30.62
30.86
31.10
30.86
31.10
31.10
30.86
31.10
30.62
31.10
31.10
31.10
31.10
31.10
30.38
31.10
30.62
31.10
30.62
31.10
31.10
30.86
31.10
31.10
30.62
31.10
30.62
31.10
30.86
31.10
31.10
31.10
30.62
30.62
30.38
31.10
30.62
31.10
31.10
31.10
31.10
30.86
30.62
31.10
30.38
999
30.38
31.10
30.62
31.10
31.10
31.10
31.10
30.86
30.62
31.10
30.38
30.86
30.38
30.86
30.62
30.38
30.62
30.86
30.86
30.38
30.86
30.38
30.38
30.38
31.10
30.86
30.86
30.38
30.86
30.38
30.86
30.62
30.86
30.86
31.10
31.10
30.62
30.62
31.10
30.38
31.10
30.62
31.10
31.10
31.10
31.10
31.10
30.86
31.10
30.62
31.10
31.10
30.62
30.38
30.38
31.10
30.86
30.86
31.10
31.10
31.10
31.10
30.15
31.10
30.38
31.10
30.38
31.10
31.10
31.10
31.10
31.10
30.86
31.10
30.62
31.10
31.10
31.10
30.86
30.86
30.62
31.10
30.62
31.10
30.62
31.10
30.86
31.34
30.62
30.86
31.10
30.62
30.38
30.86
30.86
30.86
30.38
31.10
30.86
30.15
30.15
28.53
26.75
24.25
21.55
19.42
17.30
15.36
14.53
12.97
13.10
12.97
12.97
13.22
13.10
13.35
13.99
14.39
15.94
17.45
18.91
21.18
23.85
26.75
28.98
30.62
30.86
31.10
30.38
31.10
30.38
31.10
30.62
30.62
30.86
30.62
30.86
30.86
30.38
31.10
30.62
30.86
30.86
31.34
30.86
31.10
30.62
30.86
30.62
31.10
31.10
31.10
30.62
31.10
30.62
31.10
30.62
30.62
31.10
31.10
31.10
31.10
31.10
30.62
31.10
31.10
31.34
31.10
31.10
30.86
31.10
31.10
31.10
31.10
30.86
31.10
31.10
30.86
31.10
30.38
31.10
31.10
30.62
31.10
30.86
31.10
31.10
30.62
31.10
31.10
31.10
30.62
30.86
31.10
30.86
30.86
31.10
30.62
31.10
30.15
999
31.10
31.10
30.62
30.62
31.10
31.10
30.86
31.10
30.62
31.10
30.38
30.86
30.86
30.62
30.86
30.86
30.15
30.86
30.62
30.86
30.86
30.62
30.86
30.86
30.62
31.10
30.38
31.10
30.62
30.62
30.86
30.38
31.10
30.86
30.62
30.62
31.10
30.62
31.34
30.86
31.10
30.38
31.10
30.62
31.10
31.10
30.86
30.62
30.38
30.62
31.10
30.62
31.10
31.10
31.10
31.10
30.62
30.62
31.10
30.38
31.10
30.86
31.10
31.10
30.62
30.62
30.62
31.10
31.10
30.62
31.10
31.10
31.34
30.62
31.10
30.62
31.10
31.10
31.10
30.86
30.86
30.62
31.10
30.62
31.10
30.62
31.10
30.62
31.10
30.62
30.62
31.10
31.10
30.62
30.86
31.10
31.10
31.10
30.38
31.10
30.62
29.44
29.68
28.30
26.32
24.86
22.48
21.36
19.93
18.58
17.93
17.77
17.61
17.14
17.93
18.25
19.08
19.76
20.82
23.06
24.04
26.97
29.21
29.91
30.38
30.86
30.62
31.10
30.62
31.10
31.10
31.10
31.10
30.86
30.62
31.10
30.38
31.10
30.62
31.10
30.86
30.86
30.86
31.10
31.10
31.10
30.62
31.10
31.10
30.62
31.10
30.62
31.10
31.10
30.38
31.34
31.10
31.10
30.62
31.10
30.62
31.10
30.15
31.10
30.86
31.10
30.86
31.10
31.10
31.10
30.62
31.10
30.86
30.86
31.10
30.86
31.10
31.10
30.62
31.34
30.62
31.10
30.62
31.10
30.86
31.10
31.10
30.62
31.10
31.10
30.62
31.10
31.10
31.10
31.10
30.62
31.10
30.62
31.34
30.86
999
31.10
31.10
31.10
31.10
30.38
30.62
31.10
30.62
31.10
30.86
30.86
31.10
30.62
30.38
30.62
31.10
30.86
30.62
31.10
30.86
30.86
30.86
30.62
31.10
31.10
30.15
31.10
30.38
31.10
30.62
30.86
31.10
30.86
31.10
31.10
30.62
31.10
30.62
31.10
30.62
31.10
31.10
31.10
30.62
30.62
30.38
31.10
30.62
31.10
31.10
31.10
31.10
31.10
31.10
31.10
31.10
30.62
31.10
30.62
30.38
31.10
30.86
31.10
31.10
30.62
31.10
30.38
30.86
30.86
30.86
31.10
31.10
30.38
31.10
30.86
31.10
31.10
31.10
31.10
31.10
31.10
30.62
30.86
31.10
31.10
30.62
31.10
30.62
31.10
30.62
30.62
31.34
31.10
30.62
31.10
31.10
30.62
31.10
31.10
31.10
31.10
30.15
30.86
30.62
30.38
29.44
29.21
27.63
27.19
26.32
26.11
24.86
25.06
25.27
24.86
24.86
25.48
26.75
27.63
28.98
29.21
30.38
30.38
31.10
30.62
31.10
31.10
30.62
31.10
31.10
30.62
31.10
31.10
30.62
30.86
30.86
30.86
31.10
30.62
31.10
30.38
31.10
30.62
30.86
30.86
30.62
30.86
30.38
31.10
30.62
31.10
31.10
30.86
31.10
30.38
30.62
31.10
30.86
31.10
31.10
30.62
31.10
30.62
30.62
30.62
31.10
31.10
31.10
30.62
31.10
30.62
31.10
30.62
31.10
31.10
31.10
31.10
30.62
30.38
31.34
31.10
31.10
31.10
31.10
30.62
31.10
30.62
30.86
31.10
30.86
31.10
31.10
30.62
31.34
30.86
31.10
31.10
31.10
30.62
31.10
999
30.86
31.10
30.62
31.10
30.62
31.10
31.10
31.10
30.86
31.10
30.62
31.10
30.62
31.10
31.10
30.62
30.62
30.62
30.38
30.86
30.38
31.10
30.62
31.10
31.10
30.62
30.62
31.10
31.10
31.10
30.62
30.86
31.10
30.86
31.10
30.38
31.10
31.10
30.86
30.86
30.86
30.62
31.10
30.62
31.10
31.10
31.10
31.10
30.62
30.62
31.10
30.62
31.10
30.62
31.34
30.86
31.10
30.62
31.10
30.62
31.10
31.10
31.10
30.62
30.62
30.38
31.10
30.62
31.10
31.10
31.10
31.10
31.10
31.10
30.15
31.34
30.86
30.86
30.62
31.10
30.62
31.34
31.10
31.10
30.62
31.10
30.62
31.10
30.62
31.10
31.10
30.86
30.62
31.10
30.62
31.10
30.62
31.10
31.10
30.62
31.10
30.62
30.62
31.10
30.62
30.86
30.86
30.15
30.62
29.68
29.44
29.91
29.68
29.68
29.68
29.44
29.91
29.68
30.62
30.38
30.86
30.86
31.10
30.62
30.62
30.86
31.10
31.10
30.62
31.10
30.62
31.10
30.62
30.86
31.10
31.10
31.10
31.10
30.62
31.10
30.62
31.10
30.86
30.86
31.10
30.86
31.10
30.62
31.10
30.62
31.10
31.10
30.86
30.86
30.86
30.86
31.10
30.62
31.10
30.86
30.86
31.10
30.38
30.62
31.10
31.10
31.10
31.10
30.62
31.10
30.62
31.10
30.86
30.86
31.10
31.10
30.62
30.38
31.10
31.10
31.10
30.62
31.10
30.38
31.10
31.10
31.10
30.38
31.10
31.10
31.10
30.86
31.10
31.10
30.62
31.10
30.62
31.10
31.10
30.86
999
31.10
31.10
30.62
31.10
30.62
30.86
30.86
30.86
31.10
31.10
30.86
31.10
30.62
31.10
30.86
30.62
31.10
31.10
31.10
30.62
31.10
30.86
30.86
31.10
30.62
31.10
30.62
31.10
31.10
31.10
31.10
31.10
30.62
30.62
31.10
31.10
31.10
31.10
30.86
31.10
31.34
30.86
30.62
31.10
31.10
30.86
30.38
31.10
30.62
30.86
31.10
30.62
31.10
31.10
30.38
31.10
30.86
30.62
31.10
31.10
30.86
31.10
30.38
30.86
30.62
31.10
31.34
30.62
31.10
30.86
30.86
30.38
30.62
31.10
31.10
31.10
30.86
31.10
30.62
30.62
31.10
31.10
30.62
31.10
30.62
31.10
31.10
30.62
31.10
31.10
30.62
31.10
30.86
30.86
31.10
31.10
31.10
31.10
31.10
31.10
31.10
31.10
31.10
31.10
31.10
30.86
30.86
31.10
31.10
30.62
31.10
31.10
30.38
30.86
30.62
31.10
30.38
30.62
31.10
31.10
31.10
30.62
31.10
30.86
30.62
30.62
30.62
31.10
30.62
31.10
31.10
31.10
30.62
30.62
31.10
30.86
31.10
30.62
31.10
31.10
30.38
31.10
30.38
31.10
30.62
31.10
31.10
30.86
31.34
30.86
31.10
31.10
30.86
30.86
31.10
31.10
31.10
31.10
31.10
30.86
30.86
30.86
30.86
31.10
31.10
31.10
30.86
31.10
30.62
31.10
30.62
30.62
31.10
30.62
31.10
31.10
30.62
31.10
30.62
31.10
30.86
30.86
31.10
31.10
30.62
31.10
30.62
30.62
30.38
31.10
30.86
30.62
31.10
30.38
31.10
31.10
30.86
29.68
31.10
31.10
999
30.38
31.10
30.62
31.10
30.86
30.86
31.10
30.62
30.62
31.10
31.10
31.10
30.86
30.86
31.10
30.62
31.10
29.91
31.10
31.10
31.10
30.62
30.62
30.62
31.10
30.86
30.86
31.10
30.62
31.10
30.62
29.68
31.10
30.86
31.10
31.34
30.86
31.10
30.38
31.10
30.62
31.10
30.62
31.10
30.62
30.38
31.10
31.10
30.62
31.10
30.86
31.10
30.86
30.86
31.10
31.10
30.62
31.10
31.10
30.86
31.10
30.38
31.10
30.62
31.10
31.10
31.10
30.86
31.10
30.62
31.10
30.62
31.10
31.10
30.62
31.10
30.62
30.62
31.10
30.86
30.86
31.10
30.62
31.10
30.62
30.62
31.10
31.10
31.10
31.10
30.62
31.10
30.38
31.10
30.86
31.10
31.10
31.10
30.62
30.62
30.62
31.10
30.86
30.86
31.10
30.38
31.10
30.62
30.86
31.10
31.10
31.10
30.86
30.62
29.68
31.10
30.62
31.10
30.86
30.86
31.10
30.38
30.62
30.38
31.10
31.10
31.10
30.62
31.10
30.62
31.10
30.86
31.10
31.10
31.10
31.10
30.62
30.62
31.10
30.62
31.10
30.86
30.86
31.10
30.62
30.38
31.10
30.62
31.10
31.10
30.86
31.10
30.62
31.10
30.86
31.10
31.10
31.10
30.62
31.10
30.86
31.10
31.10
30.15
31.10
30.38
31.10
31.10
30.62
30.62
31.10
30.62
31.10
30.62
31.10
31.10
30.86
30.62
31.10
30.86
31.10
30.38
31.10
31.10
30.62
31.10
31.10
30.38
31.10
31.10
31.10
31.10
30.86
31.10
31.10
31.10
31.10
30.38
31.10
30.86
999
30.38
31.10
30.62
30.86
31.10
31.10
31.10
31.10
30.38
31.10
30.86
30.62
31.10
30.86
31.10
31.10
30.62
31.10
30.86
30.86
31.10
30.62
31.10
31.10
31.10
30.62
31.10
30.86
31.10
30.62
31.10
30.38
31.10
31.10
30.86
30.62
30.62
31.10
31.10
30.38
31.10
31.10
30.86
31.10
30.62
31.10
31.10
30.86
31.10
30.86
30.62
31.10
30.62
31.10
30.62
30.62
30.86
31.10
30.86
31.10
31.10
30.62
31.10
30.86
30.86
31.10
30.62
31.10
31.10
30.86
31.10
30.86
30.86
31.10
30.86
31.10
31.10
31.10
30.86
31.10
30.86
31.10
30.62
31.10
30.62
31.10
30.86
30.86
30.62
30.38
31.10
31.10
30.86
30.86
31.10
30.62
31.10
30.62
31.10
31.10
31.10
31.10
30.62
30.38
31.10
30.38
31.10
30.86
30.86
31.10
30.62
30.62
31.10
30.86
31.10
31.10
30.86
31.10
30.62
31.10
30.62
31.10
31.10
31.10
30.38
31.10
30.62
31.10
31.10
31.10
30.86
30.86
30.86
30.38
31.10
30.62
31.10
30.62
31.10
31.10
30.62
30.62
31.10
31.10
31.10
31.10
30.62
31.10
30.62
31.10
30.62
31.10
31.10
31.10
30.62
30.86
30.62
31.10
30.62
31.10
31.10
30.86
31.10
30.38
30.62
31.34
31.10
31.10
31.10
31.10
30.62
31.10
30.62
31.10
31.10
30.86
31.10
31.10
30.62
30.38
30.86
31.10
31.10
30.38
31.10
30.38
31.10
31.10
30.86
30.15
31.10
31.10
31.10
30.62
31.34
30.86
31.10
30.62
31.10
30.62
999
30.62
30.62
31.10
30.62
30.62
31.10
31.10
31.10
31.10
30.62
31.10
30.62
30.62
30.62
31.10
31.10
31.10
30.62
31.10
30.62
31.10
30.62
31.10
31.10
31.10
31.10
30.62
30.62
31.10
30.62
31.10
31.10
30.86
31.10
30.62
30.62
31.10
30.62
31.10
31.10
30.62
31.10
30.62
31.10
30.62
31.10
31.10
31.10
30.62
31.10
30.86
30.86
31.10
30.62
31.10
30.62
31.10
31.10
30.86
30.86
31.10
30.86
31.10
30.62
31.10
31.10
31.10
30.86
30.86
30.62
31.10
30.38
31.10
31.10
30.62
30.86
31.10
31.10
30.62
30.62
30.62
31.10
31.10
30.38
31.10
30.62
31.34
31.10
31.10
30.62
31.10
30.62
31.10
31.10
31.10
30.86
31.10
30.15
31.10
30.62
31.10
31.10
30.62
31.10
30.62
30.62
31.10
31.10
30.62
31.10
30.62
31.10
30.62
31.10
31.10
30.86
31.10
31.10
30.62
31.10
30.62
31.34
31.10
31.10
30.38
31.10
30.86
31.34
30.62
31.10
30.62
31.10
31.10
31.10
31.10
30.62
30.38
31.10
30.86
31.10
30.86
31.10
31.10
30.62
30.62
30.62
31.10
30.62
31.10
30.62
31.10
30.62
31.10
31.10
30.62
30.62
30.62
30.38
31.10
30.62
31.34
30.86
30.86
30.62
31.10
30.62
31.10
31.10
31.10
31.10
30.86
31.10
31.10
30.62
31.10
30.38
31.10
31.10
30.62
30.62
30.62
30.62
31.10
30.62
31.10
31.10
31.10
30.86
31.10
30.62
31.10
30.62
31.10
31.10
30.86
31.10
30.62
30.38
30.62
31.10
999
30.62
31.10
30.62
31.10
30.86
30.86
31.10
30.38
30.86
30.86
30.86
31.10
31.10
30.62
31.10
30.62
31.10
30.86
30.86
30.86
30.86
30.86
31.10
31.10
30.38
31.10
30.86
31.34
30.38
31.10
30.62
31.10
31.10
31.10
30.86
30.86
30.62
31.10
30.86
31.10
31.10
30.62
31.10
30.62
30.62
30.62
31.10
31.10
31.10
30.62
31.10
30.62
31.10
30.86
31.10
31.10
31.10
31.10
30.62
30.62
31.10
31.10
30.62
31.10
30.38
31.10
30.86
30.86
30.86
30.62
31.10
31.10
30.62
31.10
31.10
31.10
31.10
30.38
31.10
31.10
31.10
31.10
31.10
30.62
31.10
30.62
31.10
30.62
31.10
31.10
30.62
30.62
31.10
30.38
31.10
30.86
31.10
30.62
31.10
31.10
31.10
30.62
31.10
30.86
30.62
31.10
30.62
31.10
31.10
30.62
30.86
31.10
30.86
31.10
30.15
31.10
31.10
31.10
31.10
30.62
30.62
31.10
30.86
31.10
30.86
31.10
31.10
30.62
30.62
30.62
30.62
31.10
31.10
30.86
31.10
30.62
31.10
30.62
30.86
31.10
31.10
31.10
31.10
30.38
31.10
30.86
30.86
31.10
30.38
31.10
31.10
30.62
31.10
30.86
31.10
31.10
30.38
31.10
31.10
31.10
31.10
30.62
30.38
31.10
30.62
31.10
31.10
30.62
31.34
30.86
31.10
30.38
31.10
30.86
31.10
31.10
30.86
31.10
31.10
30.86
31.34
30.62
30.62
31.10
31.10
30.62
31.10
31.10
30.62
31.10
30.86
31.34
30.86
31.10
30.86
31.10
30.38
30.62
31.10
31.10
999
30.62
31.10
30.86
30.86
31.10
30.62
31.10
30.62
30.62
31.10
31.10
31.10
31.10
30.62
31.10
30.62
30.86
30.62
31.10
31.10
31.10
30.62
31.10
30.62
31.10
31.10
30.62
31.10
31.10
31.10
30.86
30.86
30.86
31.10
30.62
31.10
30.62
31.10
31.10
31.10
31.10
31.10
30.62
30.62
31.10
30.86
31.10
31.10
30.86
31.10
30.62
30.62
31.34
31.10
30.86
31.10
31.10
30.38
31.10
30.86
30.86
31.10
30.62
31.10
31.10
31.10
30.86
30.86
30.62
31.10
30.38
31.10
30.86
31.10
31.10
30.62
30.62
30.62
31.10
31.10
31.10
30.62
31.10
30.62
31.10
30.62
31.10
31.10
31.10
31.10
30.62
30.62
31.10
30.62
31.10
30.86
30.86
31.10
30.62
30.62
31.10
30.86
31.10
31.10
30.62
31.10
30.62
31.34
31.10
31.10
30.86
31.10
31.10
30.62
31.10
31.10
30.38
31.10
30.86
31.10
31.10
30.62
31.10
31.10
31.10
31.10
30.62
30.38
31.10
30.62
31.10
30.62
31.10
31.10
30.62
30.38
30.38
30.62
31.10
30.86
31.10
31.10
30.86
31.10
30.62
30.38
30.86
30.86
31.10
31.10
30.62
31.10
30.62
30.62
30.62
31.10
31.10
30.86
30.86
31.10
30.62
31.10
30.38
31.10
31.10
31.10
31.10
30.86
30.38
31.10
30.62
31.10
30.86
31.10
31.10
30.62
30.38
31.10
30.62
31.10
31.10
31.10
30.15
31.10
31.10
31.10
31.10
31.10
30.62
31.10
30.62
31.10
31.10
30.86
31.10
31.10
30.86
30.62
31.10
30.62
999
